DL/UL	time	frame	subF	slot	1stSym	symbol#	cellId	rnti	ccId	tbSize	mcs	rv	SINR(dB)	corrupt	TBler
DL	0.00405357	0	4	0	1	2	1	1	0	43	0	0	47.6403	0	0
UL	0.00505357	0	5	0	1	2	1	1	0	43	0	0	47.7164 	0	0
DL	0.00578571	0	5	3	1	1	1	1	0	534	28	0	47.5501	0	0
DL	0.0340714	3	4	0	1	3	1	1	0	66	0	0	50.1153	0	0
UL	0.0350536	3	5	0	1	2	1	1	0	43	0	0	50.0163 	0	0
DL	0.0357857	3	5	3	1	1	1	1	0	534	28	0	50.0165	0	0
UL	0.100982	10	0	3	1	12	1	1	0	274	0	0	51.3095 	0	0
UL	0.101232	10	1	0	1	12	1	1	0	274	0	0	51.2541 	0	0
UL	0.101482	10	1	1	1	12	1	1	0	274	0	0	51.3229 	0	0
UL	0.101732	10	1	2	1	12	1	1	0	6426	28	0	51.4817 	0	0
DL	0.101786	10	1	3	1	1	1	1	0	20	0	0	51.2883	0	0
UL	0.101982	10	1	3	2	11	1	1	0	5892	28	0	51.2822 	0	0
UL	0.102232	10	2	0	1	12	1	1	0	6426	28	0	51.0521 	0	0
UL	0.102482	10	2	1	1	12	1	1	0	6426	28	0	51.2265 	0	0
UL	0.102732	10	2	2	1	12	1	1	0	6426	28	0	51.2681 	0	0
UL	0.102982	10	2	3	1	12	1	1	0	6426	28	0	51.258 	0	0
UL	0.103232	10	3	0	1	12	1	1	0	6426	28	0	51.2887 	0	0
UL	0.103482	10	3	1	1	12	1	1	0	6426	28	0	51.2016 	0	0
UL	0.103732	10	3	2	1	12	1	1	0	6426	28	0	51.2001 	0	0
UL	0.103982	10	3	3	1	12	1	1	0	6426	28	0	51.0616 	0	0
UL	0.104232	10	4	0	1	12	1	1	0	6426	28	0	50.9014 	0	0
UL	0.104482	10	4	1	1	12	1	1	0	6426	28	0	50.9801 	0	0
UL	0.104732	10	4	2	1	12	1	1	0	6426	28	0	50.8911 	0	0
UL	0.104982	10	4	3	1	12	1	1	0	6426	28	0	50.78 	0	0
UL	0.105232	10	5	0	1	12	1	1	0	6426	28	0	50.8419 	0	0
UL	0.105482	10	5	1	1	12	1	1	0	6426	28	0	50.9614 	0	0
UL	0.105732	10	5	2	1	12	1	1	0	6426	28	0	51.2289 	0	0
UL	0.105982	10	5	3	1	12	1	1	0	6426	28	0	51.3398 	0	0
UL	0.106232	10	6	0	1	12	1	1	0	6426	28	0	51.3929 	0	0
UL	0.106482	10	6	1	1	12	1	1	0	6426	28	0	51.1238 	0	0
UL	0.106732	10	6	2	1	12	1	1	0	6426	28	0	51.223 	0	0
UL	0.106982	10	6	3	1	12	1	1	0	6426	28	0	51.2042 	0	0
UL	0.107232	10	7	0	1	12	1	1	0	6426	28	0	51.1424 	0	0
UL	0.107339	10	7	1	1	4	1	1	0	2142	28	0	50.8008 	0	0
DL	0.111982	11	1	3	1	12	1	1	0	6426	28	0	50.6002	0	0
DL	0.112232	11	2	0	1	12	1	1	0	6426	28	0	50.3236	0	0
DL	0.112482	11	2	1	1	12	1	1	0	6426	28	0	50.4162	0	0
DL	0.112571	11	2	2	1	3	1	1	0	1608	28	0	50.5041	0	0
UL	0.113482	11	3	1	1	12	1	1	0	6426	28	0	50.2675 	0	0
UL	0.113732	11	3	2	1	12	1	1	0	6426	28	0	50.2933 	0	0
UL	0.113982	11	3	3	1	12	1	1	0	6426	28	0	50.3208 	0	0
UL	0.114232	11	4	0	1	12	1	1	0	6426	28	0	50.1016 	0	0
UL	0.114482	11	4	1	1	12	1	1	0	6426	28	0	49.8994 	0	0
UL	0.114732	11	4	2	1	12	1	1	0	6426	28	0	49.8545 	0	0
UL	0.114982	11	4	3	1	12	1	1	0	6426	28	0	49.8804 	0	0
UL	0.115232	11	5	0	1	12	1	1	0	6426	28	0	49.8057 	0	0
UL	0.115482	11	5	1	1	12	1	1	0	6426	28	0	49.5977 	0	0
UL	0.115732	11	5	2	1	12	1	1	0	6426	28	0	49.518 	0	0
UL	0.115982	11	5	3	1	12	1	1	0	6426	28	0	49.5431 	0	0
UL	0.116161	11	6	0	1	8	1	1	0	4284	28	0	49.7508 	0	0
DL	0.131982	13	1	3	1	12	1	1	0	6426	28	0	51.7689	0	0
DL	0.132036	13	2	0	1	1	1	1	0	534	28	0	51.767	0	0
UL	0.133036	13	3	0	1	1	1	1	0	534	28	0	51.3516 	0	0
UL	0.200982	20	0	3	1	12	1	1	0	274	0	0	47.3143 	0	0
UL	0.201232	20	1	0	1	12	1	1	0	274	0	0	47.4473 	0	0
UL	0.201482	20	1	1	1	12	1	1	0	274	0	0	47.5843 	0	0
UL	0.201732	20	1	2	1	12	1	1	0	6426	28	0	47.4455 	0	0
DL	0.201786	20	1	3	1	1	1	1	0	20	0	0	47.3844	0	0
UL	0.201982	20	1	3	2	11	1	1	0	5892	28	0	47.4202 	0	0
UL	0.202232	20	2	0	1	12	1	1	0	6426	28	0	47.2813 	0	0
UL	0.202482	20	2	1	1	12	1	1	0	6426	28	0	47.3004 	0	0
UL	0.202732	20	2	2	1	12	1	1	0	6426	28	0	47.2246 	0	0
UL	0.202982	20	2	3	1	12	1	1	0	6426	28	0	47.2493 	0	0
UL	0.203232	20	3	0	1	12	1	1	0	6426	28	0	47.3006 	0	0
UL	0.203482	20	3	1	1	12	1	1	0	6426	28	0	47.308 	0	0
UL	0.203732	20	3	2	1	12	1	1	0	6426	28	0	47.2078 	0	0
UL	0.203982	20	3	3	1	12	1	1	0	6426	28	0	47.0522 	0	0
UL	0.204232	20	4	0	1	12	1	1	0	6426	28	0	46.9853 	0	0
UL	0.204482	20	4	1	1	12	1	1	0	6426	28	0	47.1313 	0	0
UL	0.204732	20	4	2	1	12	1	1	0	6426	28	0	47.4196 	0	0
UL	0.204982	20	4	3	1	12	1	1	0	6426	28	0	47.5536 	0	0
UL	0.205232	20	5	0	1	12	1	1	0	6426	28	0	47.6183 	0	0
UL	0.205482	20	5	1	1	12	1	1	0	6426	28	0	47.7315 	0	0
UL	0.205732	20	5	2	1	12	1	1	0	6426	28	0	47.6546 	0	0
UL	0.205982	20	5	3	1	12	1	1	0	6426	28	0	47.6437 	0	0
UL	0.206232	20	6	0	1	12	1	1	0	6426	28	0	47.4249 	0	0
UL	0.206482	20	6	1	1	12	1	1	0	6426	28	0	47.4797 	0	0
UL	0.206732	20	6	2	1	12	1	1	0	6426	28	0	47.4471 	0	0
UL	0.206982	20	6	3	1	12	1	1	0	6426	28	0	47.5525 	0	0
UL	0.207232	20	7	0	1	12	1	1	0	6426	28	0	47.7051 	0	0
UL	0.207339	20	7	1	1	4	1	1	0	2142	28	0	47.5967 	0	0
UL	0.220982	22	0	3	1	12	1	1	0	6426	28	0	47.3656 	0	0
UL	0.221232	22	1	0	1	12	1	1	0	6426	28	0	47.473 	0	0
UL	0.221482	22	1	1	1	12	1	1	0	6426	28	0	47.502 	0	0
UL	0.221732	22	1	2	1	12	1	1	0	6426	28	0	47.3894 	0	0
DL	0.221786	22	1	3	1	1	1	1	0	534	28	0	47.3804	0	0
UL	0.221982	22	1	3	2	11	1	1	0	5892	28	0	47.3163 	0	0
UL	0.222232	22	2	0	1	12	1	1	0	6426	28	0	47.354 	0	0
UL	0.222482	22	2	1	1	12	1	1	0	6426	28	0	47.3132 	0	0
UL	0.222732	22	2	2	1	12	1	1	0	6426	28	0	47.4344 	0	0
UL	0.222982	22	2	3	1	12	1	1	0	6426	28	0	47.6208 	0	0
UL	0.223232	22	3	0	1	12	1	1	0	6426	28	0	47.7973 	0	0
UL	0.223429	22	3	1	1	9	1	1	0	4821	28	0	47.7322 	0	0
UL	0.300982	30	0	3	1	12	1	1	0	274	0	0	46.6642 	0	0
UL	0.301232	30	1	0	1	12	1	1	0	274	0	0	46.6751 	0	0
UL	0.301482	30	1	1	1	12	1	1	0	274	0	0	46.7421 	0	0
UL	0.301732	30	1	2	1	12	1	1	0	6426	28	0	46.7521 	0	0
DL	0.301786	30	1	3	1	1	1	1	0	20	0	0	46.8681	0	0
UL	0.301982	30	1	3	2	11	1	1	0	5892	28	0	46.8251 	0	0
UL	0.302232	30	2	0	1	12	1	1	0	6426	28	0	46.9886 	0	0
UL	0.302482	30	2	1	1	12	1	1	0	6426	28	0	46.9333 	0	0
UL	0.302732	30	2	2	1	12	1	1	0	6426	28	0	46.9062 	0	0
UL	0.302982	30	2	3	1	12	1	1	0	6426	28	0	46.7305 	0	0
UL	0.303232	30	3	0	1	12	1	1	0	6426	28	0	46.9145 	0	0
UL	0.303482	30	3	1	1	12	1	1	0	6426	28	0	46.8361 	0	0
UL	0.303732	30	3	2	1	12	1	1	0	6426	28	0	46.8312 	0	0
UL	0.303982	30	3	3	1	12	1	1	0	6426	28	0	46.812 	0	0
UL	0.304232	30	4	0	1	12	1	1	0	6426	28	0	46.6652 	0	0
UL	0.304482	30	4	1	1	12	1	1	0	6426	28	0	46.8381 	0	0
UL	0.304732	30	4	2	1	12	1	1	0	6426	28	0	47.0329 	0	0
UL	0.304982	30	4	3	1	12	1	1	0	6426	28	0	47.0709 	0	0
UL	0.305232	30	5	0	1	12	1	1	0	6426	28	0	47.2582 	0	0
UL	0.305482	30	5	1	1	12	1	1	0	6426	28	0	47.2267 	0	0
UL	0.305732	30	5	2	1	12	1	1	0	6426	28	0	47.2285 	0	0
UL	0.305982	30	5	3	1	12	1	1	0	6426	28	0	47.2818 	0	0
UL	0.306232	30	6	0	1	12	1	1	0	6426	28	0	47.2101 	0	0
UL	0.306482	30	6	1	1	12	1	1	0	6426	28	0	47.0823 	0	0
UL	0.306732	30	6	2	1	12	1	1	0	6426	28	0	47.1686 	0	0
UL	0.306982	30	6	3	1	12	1	1	0	6426	28	0	47.3093 	0	0
UL	0.307232	30	7	0	1	12	1	1	0	6426	28	0	47.3705 	0	0
UL	0.307339	30	7	1	1	4	1	1	0	2142	28	0	47.3593 	0	0
UL	0.320982	32	0	3	1	12	1	1	0	6426	28	0	46.24 	0	0
UL	0.321232	32	1	0	1	12	1	1	0	6426	28	0	46.3068 	0	0
UL	0.321482	32	1	1	1	12	1	1	0	6426	28	0	46.2924 	0	0
UL	0.321732	32	1	2	1	12	1	1	0	6426	28	0	46.1833 	0	0
DL	0.321786	32	1	3	1	1	1	1	0	534	28	0	46.2309	0	0
UL	0.321982	32	1	3	2	11	1	1	0	5892	28	0	46.2327 	0	0
UL	0.322232	32	2	0	1	12	1	1	0	6426	28	0	46.2507 	0	0
UL	0.322482	32	2	1	1	12	1	1	0	6426	28	0	46.2879 	0	0
UL	0.322732	32	2	2	1	12	1	1	0	6426	28	0	46.4923 	0	0
UL	0.322982	32	2	3	1	12	1	1	0	6426	28	0	46.7025 	0	0
UL	0.323232	32	3	0	1	12	1	1	0	6426	28	0	46.8783 	0	0
UL	0.323429	32	3	1	1	9	1	1	0	4821	28	0	46.78 	0	0
UL	0.400982	40	0	3	1	12	1	1	0	274	0	0	46.3327 	0	0
UL	0.401232	40	1	0	1	12	1	1	0	274	0	0	46.3747 	0	0
UL	0.401482	40	1	1	1	12	1	1	0	274	0	0	46.389 	0	0
UL	0.401732	40	1	2	1	12	1	1	0	6426	28	0	46.5759 	0	0
DL	0.401786	40	1	3	1	1	1	1	0	20	0	0	46.5999	0	0
UL	0.401982	40	1	3	2	11	1	1	0	5892	28	0	46.6894 	0	0
UL	0.402232	40	2	0	1	12	1	1	0	6426	28	0	46.674 	0	0
UL	0.402482	40	2	1	1	12	1	1	0	6426	28	0	46.8326 	0	0
UL	0.402732	40	2	2	1	12	1	1	0	6426	28	0	46.6549 	0	0
UL	0.402982	40	2	3	1	12	1	1	0	6426	28	0	46.5056 	0	0
UL	0.403232	40	3	0	1	12	1	1	0	6426	28	0	46.541 	0	0
UL	0.403482	40	3	1	1	12	1	1	0	6426	28	0	46.3197 	0	0
UL	0.403732	40	3	2	1	12	1	1	0	6426	28	0	46.1099 	0	0
UL	0.403982	40	3	3	1	12	1	1	0	6426	28	0	46.2036 	0	0
UL	0.404232	40	4	0	1	12	1	1	0	6426	28	0	46.4682 	0	0
UL	0.404482	40	4	1	1	12	1	1	0	6426	28	0	46.443 	0	0
UL	0.404732	40	4	2	1	12	1	1	0	6426	28	0	46.4153 	0	0
UL	0.404982	40	4	3	1	12	1	1	0	6426	28	0	46.504 	0	0
UL	0.405232	40	5	0	1	12	1	1	0	6426	28	0	46.5149 	0	0
UL	0.405482	40	5	1	1	12	1	1	0	6426	28	0	46.7259 	0	0
UL	0.405732	40	5	2	1	12	1	1	0	6426	28	0	46.6298 	0	0
UL	0.405982	40	5	3	1	12	1	1	0	6426	28	0	46.4726 	0	0
UL	0.406232	40	6	0	1	12	1	1	0	6426	28	0	46.2067 	0	0
UL	0.406482	40	6	1	1	12	1	1	0	6426	28	0	46.3378 	0	0
UL	0.406732	40	6	2	1	12	1	1	0	6426	28	0	46.5308 	0	0
UL	0.406982	40	6	3	1	12	1	1	0	6426	28	0	46.4489 	0	0
UL	0.407232	40	7	0	1	12	1	1	0	6426	28	0	46.1689 	0	0
UL	0.407339	40	7	1	1	4	1	1	0	2142	28	0	45.9862 	0	0
UL	0.420982	42	0	3	1	12	1	1	0	6426	28	0	49.0763 	0	0
UL	0.421232	42	1	0	1	12	1	1	0	6426	28	0	48.9406 	0	0
UL	0.421482	42	1	1	1	12	1	1	0	6426	28	0	48.8 	0	0
UL	0.421732	42	1	2	1	12	1	1	0	6426	28	0	48.642 	0	0
DL	0.421786	42	1	3	1	1	1	1	0	534	28	0	48.5325	0	0
UL	0.421982	42	1	3	2	11	1	1	0	5892	28	0	48.5484 	0	0
UL	0.422232	42	2	0	1	12	1	1	0	6426	28	0	48.534 	0	0
UL	0.422482	42	2	1	1	12	1	1	0	6426	28	0	48.5718 	0	0
UL	0.422732	42	2	2	1	12	1	1	0	6426	28	0	48.5881 	0	0
UL	0.422982	42	2	3	1	12	1	1	0	6426	28	0	48.5632 	0	0
UL	0.423232	42	3	0	1	12	1	1	0	6426	28	0	48.6496 	0	0
UL	0.423429	42	3	1	1	9	1	1	0	4821	28	0	48.8516 	0	0
UL	0.500982	50	0	3	1	12	1	1	0	274	0	0	49.1941 	0	0
UL	0.501232	50	1	0	1	12	1	1	0	274	0	0	49.031 	0	0
UL	0.501482	50	1	1	1	12	1	1	0	274	0	0	48.8713 	0	0
UL	0.501732	50	1	2	1	12	1	1	0	6426	28	0	48.792 	0	0
DL	0.501786	50	1	3	1	1	1	1	0	20	0	0	48.954	0	0
UL	0.501982	50	1	3	2	11	1	1	0	5892	28	0	48.8857 	0	0
UL	0.502232	50	2	0	1	12	1	1	0	6426	28	0	48.7475 	0	0
UL	0.502482	50	2	1	1	12	1	1	0	6426	28	0	48.7747 	0	0
UL	0.502732	50	2	2	1	12	1	1	0	6426	28	0	48.8727 	0	0
UL	0.502982	50	2	3	1	12	1	1	0	6426	28	0	48.8473 	0	0
UL	0.503232	50	3	0	1	12	1	1	0	6426	28	0	48.635 	0	0
UL	0.503482	50	3	1	1	12	1	1	0	6426	28	0	48.5659 	0	0
UL	0.503732	50	3	2	1	12	1	1	0	6426	28	0	48.5087 	0	0
UL	0.503982	50	3	3	1	12	1	1	0	6426	28	0	48.3925 	0	0
UL	0.504232	50	4	0	1	12	1	1	0	6426	28	0	48.4127 	0	0
UL	0.504482	50	4	1	1	12	1	1	0	6426	28	0	48.5559 	0	0
UL	0.504732	50	4	2	1	12	1	1	0	6426	28	0	48.1612 	0	0
UL	0.504982	50	4	3	1	12	1	1	0	6426	28	0	47.9173 	0	0
UL	0.505232	50	5	0	1	12	1	1	0	6426	28	0	47.9041 	0	0
UL	0.505482	50	5	1	1	12	1	1	0	6426	28	0	47.8883 	0	0
UL	0.505732	50	5	2	1	12	1	1	0	6426	28	0	48.1461 	0	0
UL	0.505982	50	5	3	1	12	1	1	0	6426	28	0	48.0831 	0	0
UL	0.506232	50	6	0	1	12	1	1	0	6426	28	0	48.1755 	0	0
UL	0.506482	50	6	1	1	12	1	1	0	6426	28	0	48.1541 	0	0
UL	0.506732	50	6	2	1	12	1	1	0	6426	28	0	48.2452 	0	0
UL	0.506982	50	6	3	1	12	1	1	0	6426	28	0	48.2528 	0	0
UL	0.507232	50	7	0	1	12	1	1	0	6426	28	0	48.2618 	0	0
UL	0.507339	50	7	1	1	4	1	1	0	2142	28	0	48.0275 	0	0
UL	0.520982	52	0	3	1	12	1	1	0	6426	28	0	47.5312 	0	0
UL	0.521232	52	1	0	1	12	1	1	0	6426	28	0	47.666 	0	0
UL	0.521482	52	1	1	1	12	1	1	0	6426	28	0	47.6805 	0	0
UL	0.521732	52	1	2	1	12	1	1	0	6426	28	0	47.7433 	0	0
DL	0.521786	52	1	3	1	1	1	1	0	534	28	0	47.5697	0	0
UL	0.521982	52	1	3	2	11	1	1	0	5892	28	0	47.5902 	0	0
UL	0.522232	52	2	0	1	12	1	1	0	6426	28	0	47.6316 	0	0
UL	0.522482	52	2	1	1	12	1	1	0	6426	28	0	47.7372 	0	0
UL	0.522732	52	2	2	1	12	1	1	0	6426	28	0	47.6432 	0	0
UL	0.522982	52	2	3	1	12	1	1	0	6426	28	0	47.3916 	0	0
UL	0.523232	52	3	0	1	12	1	1	0	6426	28	0	47.2598 	0	0
UL	0.523429	52	3	1	1	9	1	1	0	4821	28	0	47.3393 	0	0
UL	0.600982	60	0	3	1	12	1	1	0	274	0	0	48.7562 	0	0
UL	0.601232	60	1	0	1	12	1	1	0	274	0	0	48.9464 	0	0
UL	0.601482	60	1	1	1	12	1	1	0	274	0	0	49.0339 	0	0
UL	0.601732	60	1	2	1	12	1	1	0	6426	28	0	49.2085 	0	0
DL	0.601786	60	1	3	1	1	1	1	0	20	0	0	49.1846	0	0
UL	0.601982	60	1	3	2	11	1	1	0	5892	28	0	49.1715 	0	0
UL	0.602232	60	2	0	1	12	1	1	0	6426	28	0	49.1836 	0	0
UL	0.602482	60	2	1	1	12	1	1	0	6426	28	0	49.0748 	0	0
UL	0.602732	60	2	2	1	12	1	1	0	6426	28	0	49.0355 	0	0
UL	0.602982	60	2	3	1	12	1	1	0	6426	28	0	49.1154 	0	0
UL	0.603232	60	3	0	1	12	1	1	0	6426	28	0	49.305 	0	0
UL	0.603482	60	3	1	1	12	1	1	0	6426	28	0	49.2347 	0	0
UL	0.603732	60	3	2	1	12	1	1	0	6426	28	0	49.2126 	0	0
UL	0.603982	60	3	3	1	12	1	1	0	6426	28	0	49.4667 	0	0
UL	0.604232	60	4	0	1	12	1	1	0	6426	28	0	49.4735 	0	0
UL	0.604482	60	4	1	1	12	1	1	0	6426	28	0	49.5991 	0	0
UL	0.604732	60	4	2	1	12	1	1	0	6426	28	0	49.2881 	0	0
UL	0.604982	60	4	3	1	12	1	1	0	6426	28	0	49.1212 	0	0
UL	0.605232	60	5	0	1	12	1	1	0	6426	28	0	49.0113 	0	0
UL	0.605482	60	5	1	1	12	1	1	0	6426	28	0	49.2919 	0	0
UL	0.605732	60	5	2	1	12	1	1	0	6426	28	0	49.4478 	0	0
UL	0.605982	60	5	3	1	12	1	1	0	6426	28	0	49.3992 	0	0
UL	0.606232	60	6	0	1	12	1	1	0	6426	28	0	49.3458 	0	0
UL	0.606482	60	6	1	1	12	1	1	0	6426	28	0	49.3983 	0	0
UL	0.606732	60	6	2	1	12	1	1	0	6426	28	0	49.4088 	0	0
UL	0.606982	60	6	3	1	12	1	1	0	6426	28	0	49.5579 	0	0
UL	0.607232	60	7	0	1	12	1	1	0	6426	28	0	49.441 	0	0
UL	0.607339	60	7	1	1	4	1	1	0	2142	28	0	49.4776 	0	0
DL	0.611982	61	1	3	1	12	1	1	0	6426	28	0	48.5994	0	0
DL	0.612232	61	2	0	1	12	1	1	0	6426	28	0	48.9947	0	0
DL	0.612482	61	2	1	1	12	1	1	0	6426	28	0	48.7615	0	0
DL	0.612571	61	2	2	1	3	1	1	0	1608	28	0	48.4494	0	0
UL	0.613482	61	3	1	1	12	1	1	0	6426	28	0	48.5713 	0	0
UL	0.613732	61	3	2	1	12	1	1	0	6426	28	0	48.4842 	0	0
UL	0.613982	61	3	3	1	12	1	1	0	6426	28	0	48.5087 	0	0
UL	0.614232	61	4	0	1	12	1	1	0	6426	28	0	48.5894 	0	0
UL	0.614482	61	4	1	1	12	1	1	0	6426	28	0	48.6852 	0	0
UL	0.614732	61	4	2	1	12	1	1	0	6426	28	0	48.7134 	0	0
UL	0.614982	61	4	3	1	12	1	1	0	6426	28	0	48.7531 	0	0
UL	0.615232	61	5	0	1	12	1	1	0	6426	28	0	48.449 	0	0
UL	0.615482	61	5	1	1	12	1	1	0	6426	28	0	48.5707 	0	0
UL	0.615732	61	5	2	1	12	1	1	0	6426	28	0	48.5637 	0	0
UL	0.615982	61	5	3	1	12	1	1	0	6426	28	0	48.21 	0	0
UL	0.616161	61	6	0	1	8	1	1	0	4284	28	0	48.0463 	0	0
DL	0.631982	63	1	3	1	12	1	1	0	6426	28	0	46.601	0	0
DL	0.632036	63	2	0	1	1	1	1	0	534	28	0	46.6363	0	0
UL	0.633036	63	3	0	1	1	1	1	0	534	28	0	46.7984 	0	0
UL	0.700982	70	0	3	1	12	1	1	0	274	0	0	45.5051 	0	0
UL	0.701232	70	1	0	1	12	1	1	0	274	0	0	45.5137 	0	0
UL	0.701482	70	1	1	1	12	1	1	0	274	0	0	45.3887 	0	0
UL	0.701732	70	1	2	1	12	1	1	0	6426	28	0	45.5818 	0	0
DL	0.701786	70	1	3	1	1	1	1	0	20	0	0	45.3362	0	0
UL	0.701982	70	1	3	2	11	1	1	0	5892	28	0	45.3667 	0	0
UL	0.702232	70	2	0	1	12	1	1	0	6426	28	0	45.5796 	0	0
UL	0.702482	70	2	1	1	12	1	1	0	6426	28	0	45.3338 	0	0
UL	0.702732	70	2	2	1	12	1	1	0	6426	28	0	45.2231 	0	0
UL	0.702982	70	2	3	1	12	1	1	0	6426	28	0	45.0296 	0	0
UL	0.703232	70	3	0	1	12	1	1	0	6426	28	0	44.9309 	0	0
UL	0.703482	70	3	1	1	12	1	1	0	6426	28	0	44.7595 	0	0
UL	0.703732	70	3	2	1	12	1	1	0	6426	28	0	44.6371 	0	0
UL	0.703982	70	3	3	1	12	1	1	0	6426	28	0	44.5156 	0	0
UL	0.704232	70	4	0	1	12	1	1	0	6426	28	0	44.5864 	0	0
UL	0.704482	70	4	1	1	12	1	1	0	6426	28	0	44.7512 	0	0
UL	0.704732	70	4	2	1	12	1	1	0	6426	28	0	44.7308 	0	0
UL	0.704982	70	4	3	1	12	1	1	0	6426	28	0	44.9017 	0	0
UL	0.705232	70	5	0	1	12	1	1	0	6426	28	0	44.8329 	0	0
UL	0.705482	70	5	1	1	12	1	1	0	6426	28	0	44.7897 	0	0
UL	0.705732	70	5	2	1	12	1	1	0	6426	28	0	44.5621 	0	0
UL	0.705982	70	5	3	1	12	1	1	0	6426	28	0	44.4914 	0	0
UL	0.706232	70	6	0	1	12	1	1	0	6426	28	0	44.2003 	0	0
UL	0.706482	70	6	1	1	12	1	1	0	6426	28	0	44.3288 	0	0
UL	0.706732	70	6	2	1	12	1	1	0	6426	28	0	44.4123 	0	0
UL	0.706982	70	6	3	1	12	1	1	0	6426	28	0	44.5292 	0	0
UL	0.707232	70	7	0	1	12	1	1	0	6426	28	0	44.2933 	0	0
UL	0.707339	70	7	1	1	4	1	1	0	2142	28	0	44.3439 	0	0
UL	0.720982	72	0	3	1	12	1	1	0	6426	28	0	46.1323 	0	0
UL	0.721232	72	1	0	1	12	1	1	0	6426	28	0	46.1612 	0	0
UL	0.721482	72	1	1	1	12	1	1	0	6426	28	0	46.1755 	0	0
UL	0.721732	72	1	2	1	12	1	1	0	6426	28	0	45.8013 	0	0
DL	0.721786	72	1	3	1	1	1	1	0	534	28	0	46.113	0	0
UL	0.721982	72	1	3	2	11	1	1	0	5892	28	0	46.0558 	0	0
UL	0.722232	72	2	0	1	12	1	1	0	6426	28	0	45.9375 	0	0
UL	0.722482	72	2	1	1	12	1	1	0	6426	28	0	45.9584 	0	0
UL	0.722732	72	2	2	1	12	1	1	0	6426	28	0	46.1009 	0	0
UL	0.722982	72	2	3	1	12	1	1	0	6426	28	0	45.9239 	0	0
UL	0.723232	72	3	0	1	12	1	1	0	6426	28	0	45.8964 	0	0
UL	0.723429	72	3	1	1	9	1	1	0	4821	28	0	46.0066 	0	0
UL	0.800982	80	0	3	1	12	1	1	0	274	0	0	46.6385 	0	0
UL	0.801232	80	1	0	1	12	1	1	0	274	0	0	46.6407 	0	0
UL	0.801482	80	1	1	1	12	1	1	0	274	0	0	46.7463 	0	0
UL	0.801732	80	1	2	1	12	1	1	0	6426	28	0	46.6373 	0	0
DL	0.801786	80	1	3	1	1	1	1	0	20	0	0	46.5884	0	0
UL	0.801982	80	1	3	2	11	1	1	0	5892	28	0	46.5533 	0	0
UL	0.802232	80	2	0	1	12	1	1	0	6426	28	0	46.3755 	0	0
UL	0.802482	80	2	1	1	12	1	1	0	6426	28	0	46.2398 	0	0
UL	0.802732	80	2	2	1	12	1	1	0	6426	28	0	46.4198 	0	0
UL	0.802982	80	2	3	1	12	1	1	0	6426	28	0	46.4725 	0	0
UL	0.803232	80	3	0	1	12	1	1	0	6426	28	0	46.2615 	0	0
UL	0.803482	80	3	1	1	12	1	1	0	6426	28	0	46.2585 	0	0
UL	0.803732	80	3	2	1	12	1	1	0	6426	28	0	45.9948 	0	0
UL	0.803982	80	3	3	1	12	1	1	0	6426	28	0	45.9829 	0	0
UL	0.804232	80	4	0	1	12	1	1	0	6426	28	0	45.9288 	0	0
UL	0.804482	80	4	1	1	12	1	1	0	6426	28	0	46.2142 	0	0
UL	0.804732	80	4	2	1	12	1	1	0	6426	28	0	46.3925 	0	0
UL	0.804982	80	4	3	1	12	1	1	0	6426	28	0	46.1843 	0	0
UL	0.805232	80	5	0	1	12	1	1	0	6426	28	0	45.9503 	0	0
UL	0.805482	80	5	1	1	12	1	1	0	6426	28	0	45.9011 	0	0
UL	0.805732	80	5	2	1	12	1	1	0	6426	28	0	45.9749 	0	0
UL	0.805982	80	5	3	1	12	1	1	0	6426	28	0	46.0759 	0	0
UL	0.806232	80	6	0	1	12	1	1	0	6426	28	0	45.8549 	0	0
UL	0.806482	80	6	1	1	12	1	1	0	6426	28	0	45.6919 	0	0
UL	0.806732	80	6	2	1	12	1	1	0	6426	28	0	45.6839 	0	0
UL	0.806982	80	6	3	1	12	1	1	0	6426	28	0	45.7492 	0	0
UL	0.807232	80	7	0	1	12	1	1	0	6426	28	0	45.7089 	0	0
UL	0.807339	80	7	1	1	4	1	1	0	2142	28	0	45.5513 	0	0
UL	0.820982	82	0	3	1	12	1	1	0	6426	28	0	44.4821 	0	0
UL	0.821232	82	1	0	1	12	1	1	0	6426	28	0	44.2869 	0	0
UL	0.821482	82	1	1	1	12	1	1	0	6426	28	0	44.1428 	0	0
UL	0.821732	82	1	2	1	12	1	1	0	6426	28	0	44.0261 	0	0
DL	0.821786	82	1	3	1	1	1	1	0	534	28	0	43.8801	0	0
UL	0.821982	82	1	3	2	11	1	1	0	5892	28	0	43.86 	0	0
UL	0.822232	82	2	0	1	12	1	1	0	6426	28	0	44.0951 	0	0
UL	0.822482	82	2	1	1	12	1	1	0	6426	28	0	44.1338 	0	0
UL	0.822732	82	2	2	1	12	1	1	0	6426	28	0	44.2548 	0	0
UL	0.822982	82	2	3	1	12	1	1	0	6426	28	0	44.2442 	0	0
UL	0.823054	82	3	0	1	2	1	1	0	1071	28	0	44.6252 	0	0
UL	0.900982	90	0	3	1	12	1	1	0	274	0	0	41.3661 	0	0
UL	0.901232	90	1	0	1	12	1	1	0	274	0	0	41.712 	0	0
UL	0.901482	90	1	1	1	12	1	1	0	274	0	0	41.8649 	0	0
UL	0.901732	90	1	2	1	12	1	1	0	6426	28	0	41.9811 	0	0
DL	0.901786	90	1	3	1	1	1	1	0	20	0	0	42.0345	0	0
UL	0.901982	90	1	3	2	11	1	1	0	5892	28	0	42.0348 	0	0
UL	0.902232	90	2	0	1	12	1	1	0	6426	28	0	42.1609 	0	0
UL	0.902482	90	2	1	1	12	1	1	0	6426	28	0	42.1663 	0	0
UL	0.902732	90	2	2	1	12	1	1	0	6426	28	0	41.9383 	0	0
UL	0.902982	90	2	3	1	12	1	1	0	6426	28	0	41.7352 	0	0
UL	0.903232	90	3	0	1	12	1	1	0	6426	28	0	41.8101 	0	0
UL	0.903482	90	3	1	1	12	1	1	0	6426	28	0	41.9732 	0	0
UL	0.903732	90	3	2	1	12	1	1	0	6426	28	0	41.9518 	0	0
UL	0.903982	90	3	3	1	12	1	1	0	6426	28	0	41.8666 	0	0
UL	0.904232	90	4	0	1	12	1	1	0	6426	28	0	41.9685 	0	0
UL	0.904482	90	4	1	1	12	1	1	0	6426	28	0	42.3248 	0	0
UL	0.904732	90	4	2	1	12	1	1	0	6426	28	0	42.5342 	0	0
UL	0.904982	90	4	3	1	12	1	1	0	6426	28	0	42.6121 	0	0
UL	0.905232	90	5	0	1	12	1	1	0	6426	28	0	42.5597 	0	0
UL	0.905482	90	5	1	1	12	1	1	0	6426	28	0	42.1865 	0	0
UL	0.905732	90	5	2	1	12	1	1	0	6426	28	0	42.4527 	0	0
UL	0.905982	90	5	3	1	12	1	1	0	6426	28	0	42.5099 	0	0
UL	0.906232	90	6	0	1	12	1	1	0	6426	28	0	42.8059 	0	0
UL	0.906482	90	6	1	1	12	1	1	0	6426	28	0	42.4315 	0	0
UL	0.906732	90	6	2	1	12	1	1	0	6426	28	0	42.3679 	0	0
UL	0.906982	90	6	3	1	12	1	1	0	6426	28	0	42.2472 	0	0
UL	0.907232	90	7	0	1	12	1	1	0	6426	28	0	42.1495 	0	0
UL	0.907339	90	7	1	1	4	1	1	0	2142	28	0	42.0692 	0	0
UL	0.920982	92	0	3	1	12	1	1	0	6426	28	0	42.3879 	0	0
UL	0.921232	92	1	0	1	12	1	1	0	6426	28	0	42.6229 	0	0
UL	0.921482	92	1	1	1	12	1	1	0	6426	28	0	42.7341 	0	0
UL	0.921732	92	1	2	1	12	1	1	0	6426	28	0	42.8454 	0	0
DL	0.921786	92	1	3	1	1	1	1	0	534	28	0	42.8319	0	0
UL	0.921982	92	1	3	2	11	1	1	0	5892	28	0	42.8847 	0	0
UL	0.922232	92	2	0	1	12	1	1	0	6426	28	0	42.9561 	0	0
UL	0.922482	92	2	1	1	12	1	1	0	6426	28	0	42.7554 	0	0
UL	0.922732	92	2	2	1	12	1	1	0	6426	28	0	42.741 	0	0
UL	0.922982	92	2	3	1	12	1	1	0	6426	28	0	42.4727 	0	0
UL	0.923054	92	3	0	1	2	1	1	0	1071	28	0	42.3979 	0	0
UL	1.00098	100	0	3	1	12	1	1	0	274	0	0	39.2695 	0	0
UL	1.00123	100	1	0	1	12	1	1	0	274	0	0	39.3964 	0	0
UL	1.00148	100	1	1	1	12	1	1	0	274	0	0	39.5098 	0	0
UL	1.00173	100	1	2	1	12	1	1	0	6426	28	0	39.4234 	0	0
DL	1.00179	100	1	3	1	1	1	1	0	20	0	0	39.6312	0	0
UL	1.00198	100	1	3	2	11	1	1	0	5892	28	0	39.6343 	0	0
UL	1.00223	100	2	0	1	12	1	1	0	6426	28	0	39.5969 	0	0
UL	1.00248	100	2	1	1	12	1	1	0	6426	28	0	39.4879 	0	0
UL	1.00273	100	2	2	1	12	1	1	0	6426	28	0	39.1904 	0	0
UL	1.00298	100	2	3	1	12	1	1	0	6426	28	0	39.3603 	0	0
UL	1.00323	100	3	0	1	12	1	1	0	6426	28	0	39.0788 	0	0
UL	1.00348	100	3	1	1	12	1	1	0	6426	28	0	39.2223 	0	0
UL	1.00373	100	3	2	1	12	1	1	0	6426	28	0	39.1232 	0	0
UL	1.00398	100	3	3	1	12	1	1	0	6426	28	0	39.32 	0	0
UL	1.00423	100	4	0	1	12	1	1	0	6426	28	0	39.4646 	0	0
UL	1.00448	100	4	1	1	12	1	1	0	6426	28	0	39.317 	0	0
UL	1.00473	100	4	2	1	12	1	1	0	6426	28	0	39.3827 	0	0
UL	1.00498	100	4	3	1	12	1	1	0	6426	28	0	39.5539 	0	0
UL	1.00523	100	5	0	1	12	1	1	0	6426	28	0	39.5504 	0	0
UL	1.00548	100	5	1	1	12	1	1	0	6426	28	0	39.6111 	0	0
UL	1.00573	100	5	2	1	12	1	1	0	6426	28	0	39.9441 	0	0
UL	1.00598	100	5	3	1	12	1	1	0	6426	28	0	39.9047 	0	0
UL	1.00623	100	6	0	1	12	1	1	0	6426	28	0	39.9011 	0	0
UL	1.00648	100	6	1	1	12	1	1	0	6426	28	0	39.8825 	0	0
UL	1.00673	100	6	2	1	12	1	1	0	6426	28	0	39.8837 	0	0
UL	1.00698	100	6	3	1	12	1	1	0	6426	28	0	40.0104 	0	0
UL	1.00723	100	7	0	1	12	1	1	0	6426	28	0	40.1074 	0	0
UL	1.00734	100	7	1	1	4	1	1	0	2142	28	0	39.9133 	0	0
UL	1.02098	102	0	3	1	12	1	1	0	6426	28	0	40.8847 	0	0
UL	1.02123	102	1	0	1	12	1	1	0	6426	28	0	41.0039 	0	0
UL	1.02148	102	1	1	1	12	1	1	0	6426	28	0	40.7498 	0	0
UL	1.02173	102	1	2	1	12	1	1	0	6426	28	0	40.7728 	0	0
DL	1.02179	102	1	3	1	1	1	1	0	534	28	0	41.1436	0	0
UL	1.02198	102	1	3	2	11	1	1	0	5892	28	0	41.1679 	0	0
UL	1.02223	102	2	0	1	12	1	1	0	6426	28	0	41.2354 	0	0
UL	1.02248	102	2	1	1	12	1	1	0	6426	28	0	41.2806 	0	0
UL	1.02273	102	2	2	1	12	1	1	0	6426	28	0	41.1092 	0	0
UL	1.02298	102	2	3	1	12	1	1	0	6426	28	0	41.085 	0	0
UL	1.02305	102	3	0	1	2	1	1	0	1071	28	0	40.9414 	0	0
UL	1.10098	110	0	3	1	12	1	1	0	274	0	0	39.8651 	0	0
UL	1.10123	110	1	0	1	12	1	1	0	274	0	0	39.5412 	0	0
UL	1.10148	110	1	1	1	12	1	1	0	274	0	0	39.7683 	0	0
UL	1.10173	110	1	2	1	12	1	1	0	6426	28	0	39.6575 	0	0
DL	1.10179	110	1	3	1	1	1	1	0	20	0	0	39.6447	0	0
UL	1.10198	110	1	3	2	11	1	1	0	5892	28	0	39.6557 	0	0
UL	1.10223	110	2	0	1	12	1	1	0	6426	28	0	39.7319 	0	0
UL	1.10248	110	2	1	1	12	1	1	0	6426	28	0	39.6471 	0	0
UL	1.10273	110	2	2	1	12	1	1	0	6426	28	0	39.4633 	0	0
UL	1.10298	110	2	3	1	12	1	1	0	6426	28	0	39.3205 	0	0
UL	1.10323	110	3	0	1	12	1	1	0	6426	28	0	39.255 	0	0
UL	1.10348	110	3	1	1	12	1	1	0	6426	28	0	39.1687 	0	0
UL	1.10373	110	3	2	1	12	1	1	0	6426	28	0	39.2888 	0	0
UL	1.10398	110	3	3	1	12	1	1	0	6426	28	0	39.3562 	0	0
UL	1.10423	110	4	0	1	12	1	1	0	6426	28	0	39.6714 	0	0
UL	1.10448	110	4	1	1	12	1	1	0	6426	28	0	39.7503 	0	0
UL	1.10473	110	4	2	1	12	1	1	0	6426	28	0	39.3881 	0	0
UL	1.10498	110	4	3	1	12	1	1	0	6426	28	0	39.3734 	0	0
UL	1.10523	110	5	0	1	12	1	1	0	6426	28	0	39.564 	0	0
UL	1.10548	110	5	1	1	12	1	1	0	6426	28	0	39.4368 	0	0
UL	1.10573	110	5	2	1	12	1	1	0	6426	28	0	39.509 	0	0
UL	1.10598	110	5	3	1	12	1	1	0	6426	28	0	39.416 	0	0
UL	1.10623	110	6	0	1	12	1	1	0	6426	28	0	39.6585 	0	0
UL	1.10648	110	6	1	1	12	1	1	0	6426	28	0	39.6507 	0	0
UL	1.10673	110	6	2	1	12	1	1	0	6426	28	0	39.6394 	0	0
UL	1.10698	110	6	3	1	12	1	1	0	6426	28	0	39.5214 	0	0
UL	1.10723	110	7	0	1	12	1	1	0	6426	28	0	39.663 	0	0
UL	1.10734	110	7	1	1	4	1	1	0	2142	28	0	39.6385 	0	0
DL	1.11198	111	1	3	1	12	1	1	0	6426	28	0	39.4999	0	0
DL	1.11223	111	2	0	1	12	1	1	0	6426	28	0	39.6039	0	0
DL	1.11248	111	2	1	1	12	1	1	0	6426	28	0	39.9214	0	0
DL	1.11257	111	2	2	1	3	1	1	0	1608	28	0	39.9703	0	0
UL	1.11348	111	3	1	1	12	1	1	0	6426	28	0	39.7428 	0	0
UL	1.11373	111	3	2	1	12	1	1	0	6426	28	0	39.4184 	0	0
UL	1.11398	111	3	3	1	12	1	1	0	6426	28	0	39.3305 	0	0
UL	1.11423	111	4	0	1	12	1	1	0	6426	28	0	39.3619 	0	0
UL	1.11448	111	4	1	1	12	1	1	0	6426	28	0	39.4441 	0	0
UL	1.11473	111	4	2	1	12	1	1	0	6426	28	0	39.4613 	0	0
UL	1.11498	111	4	3	1	12	1	1	0	6426	28	0	39.5133 	0	0
UL	1.11523	111	5	0	1	12	1	1	0	6426	28	0	39.8465 	0	0
UL	1.11548	111	5	1	1	12	1	1	0	6426	28	0	39.691 	0	0
UL	1.11573	111	5	2	1	12	1	1	0	6426	28	0	39.7745 	0	0
UL	1.11579	111	5	3	1	1	1	1	0	534	28	0	39.6432 	0	0
DL	1.13198	113	1	3	1	12	1	1	0	6426	28	0	38.7521	0	0
DL	1.13204	113	2	0	1	1	1	1	0	534	28	0	38.6969	0	0
UL	1.13304	113	3	0	1	1	1	1	0	534	28	0	39.1165 	0	0
UL	1.20098	120	0	3	1	12	1	1	0	274	0	0	37.5838 	0	0
UL	1.20123	120	1	0	1	12	1	1	0	274	0	0	37.6281 	0	0
UL	1.20148	120	1	1	1	12	1	1	0	274	0	0	37.6563 	0	0
UL	1.20173	120	1	2	1	12	1	1	0	6426	28	0	37.5067 	0	0
DL	1.20179	120	1	3	1	1	1	1	0	20	0	0	37.3586	0	0
UL	1.20198	120	1	3	2	11	1	1	0	5892	28	0	37.3596 	0	0
UL	1.20223	120	2	0	1	12	1	1	0	6426	28	0	37.4243 	0	0
UL	1.20248	120	2	1	1	12	1	1	0	6426	28	0	37.6085 	0	0
UL	1.20273	120	2	2	1	12	1	1	0	6426	28	0	37.2081 	0	0
UL	1.20298	120	2	3	1	12	1	1	0	6426	28	0	37.2748 	0	0
UL	1.20323	120	3	0	1	12	1	1	0	6426	28	0	37.316 	0	0
UL	1.20348	120	3	1	1	12	1	1	0	6426	28	0	37.6796 	0	0
UL	1.20373	120	3	2	1	12	1	1	0	6426	28	0	37.7902 	0	0
UL	1.20398	120	3	3	1	12	1	1	0	6426	28	0	37.7362 	0	0
UL	1.20423	120	4	0	1	12	1	1	0	6426	28	0	37.6133 	0	0
UL	1.20448	120	4	1	1	12	1	1	0	6426	28	0	37.7536 	0	0
UL	1.20473	120	4	2	1	12	1	1	0	6426	28	0	37.608 	0	0
UL	1.20498	120	4	3	1	12	1	1	0	6426	28	0	37.5892 	0	0
UL	1.20523	120	5	0	1	12	1	1	0	6426	28	0	37.5386 	0	0
UL	1.20548	120	5	1	1	12	1	1	0	6426	28	0	37.4402 	0	0
UL	1.20573	120	5	2	1	12	1	1	0	6426	28	0	37.1077 	0	0
UL	1.20598	120	5	3	1	12	1	1	0	6426	28	0	37.4422 	0	0
UL	1.20623	120	6	0	1	12	1	1	0	6426	28	0	37.2934 	0	0
UL	1.20648	120	6	1	1	12	1	1	0	6426	28	0	37.1205 	0	0
UL	1.20673	120	6	2	1	12	1	1	0	6426	28	0	37.1297 	0	0
UL	1.20698	120	6	3	1	12	1	1	0	6426	28	0	36.9574 	0	0
UL	1.20723	120	7	0	1	12	1	1	0	6426	28	0	36.5996 	0	0
UL	1.20734	120	7	1	1	4	1	1	0	2142	28	0	36.5501 	0	0
UL	1.22098	122	0	3	1	12	1	1	0	6426	28	0	37.3303 	0	0
UL	1.22123	122	1	0	1	12	1	1	0	6426	28	0	37.5462 	0	0
UL	1.22148	122	1	1	1	12	1	1	0	6426	28	0	37.5911 	0	0
UL	1.22173	122	1	2	1	12	1	1	0	6426	28	0	37.6308 	0	0
DL	1.22179	122	1	3	1	1	1	1	0	534	28	0	37.6329	0	0
UL	1.22198	122	1	3	2	11	1	1	0	5892	28	0	37.6544 	0	0
UL	1.22223	122	2	0	1	12	1	1	0	6426	28	0	37.7958 	0	0
UL	1.22248	122	2	1	1	12	1	1	0	6426	28	0	37.7366 	0	0
UL	1.22273	122	2	2	1	12	1	1	0	6426	28	0	37.7126 	0	0
UL	1.22298	122	2	3	1	12	1	1	0	6426	28	0	37.8495 	0	0
UL	1.22305	122	3	0	1	2	1	1	0	1071	28	0	37.7723 	0	0
UL	1.30098	130	0	3	1	12	1	1	0	274	0	0	38.9414 	0	0
UL	1.30123	130	1	0	1	12	1	1	0	274	0	0	38.688 	0	0
UL	1.30148	130	1	1	1	12	1	1	0	274	0	0	38.7918 	0	0
UL	1.30173	130	1	2	1	12	1	1	0	6426	28	0	38.748 	0	0
DL	1.30179	130	1	3	1	1	1	1	0	20	0	0	39.006	0	0
UL	1.30198	130	1	3	2	11	1	1	0	5892	28	0	38.9743 	0	0
UL	1.30223	130	2	0	1	12	1	1	0	6426	28	0	38.8721 	0	0
UL	1.30248	130	2	1	1	12	1	1	0	6426	28	0	38.8918 	0	0
UL	1.30273	130	2	2	1	12	1	1	0	6426	28	0	38.7264 	0	0
UL	1.30298	130	2	3	1	12	1	1	0	6426	28	0	38.5587 	0	0
UL	1.30323	130	3	0	1	12	1	1	0	6426	28	0	38.6609 	0	0
UL	1.30348	130	3	1	1	12	1	1	0	6426	28	0	38.6476 	0	0
UL	1.30373	130	3	2	1	12	1	1	0	6426	28	0	38.7189 	0	0
UL	1.30398	130	3	3	1	12	1	1	0	6426	28	0	38.7385 	0	0
UL	1.30423	130	4	0	1	12	1	1	0	6426	28	0	39.0381 	0	0
UL	1.30448	130	4	1	1	12	1	1	0	6426	28	0	39.1861 	0	0
UL	1.30473	130	4	2	1	12	1	1	0	6426	28	0	39.0387 	0	0
UL	1.30498	130	4	3	1	12	1	1	0	6426	28	0	39.1042 	0	0
UL	1.30523	130	5	0	1	12	1	1	0	6426	28	0	39.0715 	0	0
UL	1.30548	130	5	1	1	12	1	1	0	6426	28	0	38.946 	0	0
UL	1.30573	130	5	2	1	12	1	1	0	6426	28	0	39.2126 	0	0
UL	1.30598	130	5	3	1	12	1	1	0	6426	28	0	39.0045 	0	0
UL	1.30623	130	6	0	1	12	1	1	0	6426	28	0	38.7738 	0	0
UL	1.30648	130	6	1	1	12	1	1	0	6426	28	0	38.5865 	0	0
UL	1.30673	130	6	2	1	12	1	1	0	6426	28	0	38.4026 	0	0
UL	1.30698	130	6	3	1	12	1	1	0	6426	28	0	38.4367 	0	0
UL	1.30723	130	7	0	1	12	1	1	0	6426	28	0	38.3783 	0	0
UL	1.30734	130	7	1	1	4	1	1	0	2142	28	0	38.3544 	0	0
UL	1.32098	132	0	3	1	12	1	1	0	6426	28	0	37.7024 	0	0
UL	1.32123	132	1	0	1	12	1	1	0	6426	28	0	37.2712 	0	0
UL	1.32148	132	1	1	1	12	1	1	0	6426	28	0	37.1139 	0	0
UL	1.32173	132	1	2	1	12	1	1	0	6426	28	0	37.074 	0	0
DL	1.32179	132	1	3	1	1	1	1	0	534	28	0	37.1688	0	0
UL	1.32198	132	1	3	2	11	1	1	0	5892	28	0	37.1431 	0	0
UL	1.32223	132	2	0	1	12	1	1	0	6426	28	0	37.1193 	0	0
UL	1.32248	132	2	1	1	12	1	1	0	6426	28	0	37.1204 	0	0
UL	1.32273	132	2	2	1	12	1	1	0	6426	28	0	37.0091 	0	0
UL	1.32298	132	2	3	1	12	1	1	0	6426	28	0	36.8282 	0	0
UL	1.32305	132	3	0	1	2	1	1	0	1071	28	0	36.8107 	0	0
UL	1.40098	140	0	3	1	12	1	1	0	274	0	0	37.4808 	0	0
UL	1.40123	140	1	0	1	12	1	1	0	274	0	0	37.3946 	0	0
UL	1.40148	140	1	1	1	12	1	1	0	274	0	0	37.4059 	0	0
UL	1.40173	140	1	2	1	12	1	1	0	6426	28	0	37.6143 	0	0
DL	1.40179	140	1	3	1	1	1	1	0	20	0	0	37.4691	0	0
UL	1.40198	140	1	3	2	11	1	1	0	5892	28	0	37.4566 	0	0
UL	1.40223	140	2	0	1	12	1	1	0	6426	28	0	37.1448 	0	0
UL	1.40248	140	2	1	1	12	1	1	0	6426	28	0	37.1829 	0	0
UL	1.40273	140	2	2	1	12	1	1	0	6426	28	0	37.1448 	0	0
UL	1.40298	140	2	3	1	12	1	1	0	6426	28	0	37.3021 	0	0
UL	1.40323	140	3	0	1	12	1	1	0	6426	28	0	37.3442 	0	0
UL	1.40348	140	3	1	1	12	1	1	0	6426	28	0	37.2232 	0	0
UL	1.40373	140	3	2	1	12	1	1	0	6426	28	0	37.2253 	0	0
UL	1.40398	140	3	3	1	12	1	1	0	6426	28	0	37.3239 	0	0
UL	1.40423	140	4	0	1	12	1	1	0	6426	28	0	37.3274 	0	0
UL	1.40448	140	4	1	1	12	1	1	0	6426	28	0	37.322 	0	0
UL	1.40473	140	4	2	1	12	1	1	0	6426	28	0	37.0912 	0	0
UL	1.40498	140	4	3	1	12	1	1	0	6426	28	0	37.2915 	0	0
UL	1.40523	140	5	0	1	12	1	1	0	6426	28	0	37.3611 	0	0
UL	1.40548	140	5	1	1	12	1	1	0	6426	28	0	37.283 	0	0
UL	1.40573	140	5	2	1	12	1	1	0	6426	28	0	37.137 	0	0
UL	1.40598	140	5	3	1	12	1	1	0	6426	28	0	37.224 	0	0
UL	1.40623	140	6	0	1	12	1	1	0	6426	28	0	37.1246 	0	0
UL	1.40648	140	6	1	1	12	1	1	0	6426	28	0	37.171 	0	0
UL	1.40673	140	6	2	1	12	1	1	0	6426	28	0	37.3246 	0	0
UL	1.40698	140	6	3	1	12	1	1	0	6426	28	0	37.3985 	0	0
UL	1.40723	140	7	0	1	12	1	1	0	6426	28	0	37.5065 	0	0
UL	1.40734	140	7	1	1	4	1	1	0	2142	28	0	37.3916 	0	0
UL	1.42098	142	0	3	1	12	1	1	0	6426	28	0	36.7214 	0	0
UL	1.42123	142	1	0	1	12	1	1	0	6426	28	0	36.9897 	0	0
UL	1.42148	142	1	1	1	12	1	1	0	6426	28	0	36.906 	0	0
UL	1.42173	142	1	2	1	12	1	1	0	6426	28	0	36.7642 	0	0
DL	1.42179	142	1	3	1	1	1	1	0	534	28	0	36.6982	0	0
UL	1.42198	142	1	3	2	11	1	1	0	5892	28	0	36.6928 	0	0
UL	1.42223	142	2	0	1	12	1	1	0	6426	28	0	36.4048 	0	0
UL	1.42248	142	2	1	1	12	1	1	0	6426	28	0	36.4311 	0	0
UL	1.42273	142	2	2	1	12	1	1	0	6426	28	0	36.2747 	0	0
UL	1.42298	142	2	3	1	12	1	1	0	6426	28	0	36.2575 	0	0
UL	1.42305	142	3	0	1	2	1	1	0	1071	28	0	36.2147 	0	0
UL	1.50098	150	0	3	1	12	1	1	0	274	0	0	37.7439 	0	0
UL	1.50123	150	1	0	1	12	1	1	0	274	0	0	38.0388 	0	0
UL	1.50148	150	1	1	1	12	1	1	0	274	0	0	38.0046 	0	0
UL	1.50173	150	1	2	1	12	1	1	0	6426	28	0	37.8066 	0	0
DL	1.50179	150	1	3	1	1	1	1	0	20	0	0	37.992	0	0
UL	1.50198	150	1	3	2	11	1	1	0	5892	28	0	38.0041 	0	0
UL	1.50223	150	2	0	1	12	1	1	0	6426	28	0	37.878 	0	0
UL	1.50248	150	2	1	1	12	1	1	0	6426	28	0	38.0054 	0	0
UL	1.50273	150	2	2	1	12	1	1	0	6426	28	0	38.0629 	0	0
UL	1.50298	150	2	3	1	12	1	1	0	6426	28	0	38.065 	0	0
UL	1.50323	150	3	0	1	12	1	1	0	6426	28	0	38.2457 	0	0
UL	1.50348	150	3	1	1	12	1	1	0	6426	28	0	38.1556 	0	0
UL	1.50373	150	3	2	1	12	1	1	0	6426	28	0	38.1076 	0	0
UL	1.50398	150	3	3	1	12	1	1	0	6426	28	0	38.3694 	0	0
UL	1.50423	150	4	0	1	12	1	1	0	6426	28	0	38.2972 	0	0
UL	1.50448	150	4	1	1	12	1	1	0	6426	28	0	38.5475 	0	0
UL	1.50473	150	4	2	1	12	1	1	0	6426	28	0	38.3801 	0	0
UL	1.50498	150	4	3	1	12	1	1	0	6426	28	0	38.466 	0	0
UL	1.50523	150	5	0	1	12	1	1	0	6426	28	0	38.315 	0	0
UL	1.50548	150	5	1	1	12	1	1	0	6426	28	0	38.6186 	0	0
UL	1.50573	150	5	2	1	12	1	1	0	6426	28	0	38.8302 	0	0
UL	1.50598	150	5	3	1	12	1	1	0	6426	28	0	38.696 	0	0
UL	1.50623	150	6	0	1	12	1	1	0	6426	28	0	38.7111 	0	0
UL	1.50648	150	6	1	1	12	1	1	0	6426	28	0	38.718 	0	0
UL	1.50673	150	6	2	1	12	1	1	0	6426	28	0	38.8215 	0	0
UL	1.50698	150	6	3	1	12	1	1	0	6426	28	0	38.9679 	0	0
UL	1.50723	150	7	0	1	12	1	1	0	6426	28	0	38.9162 	0	0
UL	1.50734	150	7	1	1	4	1	1	0	2142	28	0	38.9632 	0	0
UL	1.52098	152	0	3	1	12	1	1	0	6426	28	0	38.6706 	0	0
UL	1.52123	152	1	0	1	12	1	1	0	6426	28	0	38.7604 	0	0
UL	1.52148	152	1	1	1	12	1	1	0	6426	28	0	38.7719 	0	0
UL	1.52173	152	1	2	1	12	1	1	0	6426	28	0	38.8653 	0	0
DL	1.52179	152	1	3	1	1	1	1	0	534	28	0	38.6776	0	0
UL	1.52198	152	1	3	2	11	1	1	0	5892	28	0	38.6824 	0	0
UL	1.52223	152	2	0	1	12	1	1	0	6426	28	0	38.5109 	0	0
UL	1.52248	152	2	1	1	12	1	1	0	6426	28	0	38.261 	0	0
UL	1.52273	152	2	2	1	12	1	1	0	6426	28	0	38.3484 	0	0
UL	1.52298	152	2	3	1	12	1	1	0	6426	28	0	38.3795 	0	0
UL	1.52305	152	3	0	1	2	1	1	0	1071	28	0	38.3739 	0	0
UL	1.60098	160	0	3	1	12	1	1	0	274	0	0	37.7795 	0	0
UL	1.60123	160	1	0	1	12	1	1	0	274	0	0	37.4783 	0	0
UL	1.60148	160	1	1	1	12	1	1	0	274	0	0	37.5246 	0	0
UL	1.60173	160	1	2	1	12	1	1	0	6426	28	0	37.7286 	0	0
DL	1.60179	160	1	3	1	1	1	1	0	20	0	0	37.5251	0	0
UL	1.60198	160	1	3	2	11	1	1	0	5892	28	0	37.5435 	0	0
UL	1.60223	160	2	0	1	12	1	1	0	6426	28	0	37.6867 	0	0
UL	1.60248	160	2	1	1	12	1	1	0	6426	28	0	37.9696 	0	0
UL	1.60273	160	2	2	1	12	1	1	0	6426	28	0	37.8482 	0	0
UL	1.60298	160	2	3	1	12	1	1	0	6426	28	0	37.8453 	0	0
UL	1.60323	160	3	0	1	12	1	1	0	6426	28	0	37.824 	0	0
UL	1.60348	160	3	1	1	12	1	1	0	6426	28	0	37.9403 	0	0
UL	1.60373	160	3	2	1	12	1	1	0	6426	28	0	37.8646 	0	0
UL	1.60398	160	3	3	1	12	1	1	0	6426	28	0	37.795 	0	0
UL	1.60423	160	4	0	1	12	1	1	0	6426	28	0	37.9069 	0	0
UL	1.60448	160	4	1	1	12	1	1	0	6426	28	0	37.9193 	0	0
UL	1.60473	160	4	2	1	12	1	1	0	6426	28	0	37.6769 	0	0
UL	1.60498	160	4	3	1	12	1	1	0	6426	28	0	37.5757 	0	0
UL	1.60523	160	5	0	1	12	1	1	0	6426	28	0	37.7998 	0	0
UL	1.60548	160	5	1	1	12	1	1	0	6426	28	0	37.7697 	0	0
UL	1.60573	160	5	2	1	12	1	1	0	6426	28	0	37.7484 	0	0
UL	1.60598	160	5	3	1	12	1	1	0	6426	28	0	37.7434 	0	0
UL	1.60623	160	6	0	1	12	1	1	0	6426	28	0	37.6901 	0	0
UL	1.60648	160	6	1	1	12	1	1	0	6426	28	0	37.5266 	0	0
UL	1.60673	160	6	2	1	12	1	1	0	6426	28	0	37.4932 	0	0
UL	1.60698	160	6	3	1	12	1	1	0	6426	28	0	37.7132 	0	0
UL	1.60723	160	7	0	1	12	1	1	0	6426	28	0	37.5094 	0	0
UL	1.60734	160	7	1	1	4	1	1	0	2142	28	0	37.2963 	0	0
DL	1.61198	161	1	3	1	12	1	1	0	6426	28	0	37.0975	0	0
DL	1.61223	161	2	0	1	12	1	1	0	6426	28	0	37.1516	0	0
DL	1.61248	161	2	1	1	12	1	1	0	6426	28	0	37.0023	0	0
DL	1.61257	161	2	2	1	3	1	1	0	1608	28	0	36.9391	0	0
UL	1.61348	161	3	1	1	12	1	1	0	6426	28	0	36.7779 	0	0
UL	1.61373	161	3	2	1	12	1	1	0	6426	28	0	36.9289 	0	0
UL	1.61398	161	3	3	1	12	1	1	0	6426	28	0	36.9444 	0	0
UL	1.61423	161	4	0	1	12	1	1	0	6426	28	0	37.1317 	0	0
UL	1.61448	161	4	1	1	12	1	1	0	6426	28	0	37.1267 	0	0
UL	1.61473	161	4	2	1	12	1	1	0	6426	28	0	37.1952 	0	0
UL	1.61498	161	4	3	1	12	1	1	0	6426	28	0	37.1922 	0	0
UL	1.61523	161	5	0	1	12	1	1	0	6426	28	0	37.3147 	0	0
UL	1.61548	161	5	1	1	12	1	1	0	6426	28	0	37.2685 	0	0
UL	1.61573	161	5	2	1	12	1	1	0	6426	28	0	37.3924 	0	0
UL	1.61579	161	5	3	1	1	1	1	0	534	28	0	37.5248 	0	0
DL	1.63198	163	1	3	1	12	1	1	0	6426	28	0	37.2649	0	0
DL	1.63204	163	2	0	1	1	1	1	0	534	28	0	37.2471	0	0
UL	1.63304	163	3	0	1	1	1	1	0	534	28	0	37.2586 	0	0
UL	1.70098	170	0	3	1	12	1	1	0	274	0	0	36.7012 	0	0
UL	1.70123	170	1	0	1	12	1	1	0	274	0	0	36.5541 	0	0
UL	1.70148	170	1	1	1	12	1	1	0	274	0	0	36.795 	0	0
UL	1.70173	170	1	2	1	12	1	1	0	6426	28	0	36.527 	0	0
DL	1.70179	170	1	3	1	1	1	1	0	20	0	0	36.8375	0	0
UL	1.70198	170	1	3	2	11	1	1	0	5892	28	0	36.7393 	0	0
UL	1.70223	170	2	0	1	12	1	1	0	6426	28	0	36.8431 	0	0
UL	1.70248	170	2	1	1	12	1	1	0	6426	28	0	36.9184 	0	0
UL	1.70273	170	2	2	1	12	1	1	0	6426	28	0	36.9549 	0	0
UL	1.70298	170	2	3	1	12	1	1	0	6426	28	0	36.847 	0	0
UL	1.70323	170	3	0	1	12	1	1	0	6426	28	0	36.9315 	0	0
UL	1.70348	170	3	1	1	12	1	1	0	6426	28	0	37.0705 	0	0
UL	1.70373	170	3	2	1	12	1	1	0	6426	28	0	37.0858 	0	0
UL	1.70398	170	3	3	1	12	1	1	0	6426	28	0	37.253 	0	0
UL	1.70423	170	4	0	1	12	1	1	0	6426	28	0	37.1337 	0	0
UL	1.70448	170	4	1	1	12	1	1	0	6426	28	0	37.1266 	0	0
UL	1.70473	170	4	2	1	12	1	1	0	6426	28	0	37.0364 	0	0
UL	1.70498	170	4	3	1	12	1	1	0	6426	28	0	37.0541 	0	0
UL	1.70523	170	5	0	1	12	1	1	0	6426	28	0	37.1674 	0	0
UL	1.70548	170	5	1	1	12	1	1	0	6426	28	0	37.1008 	0	0
UL	1.70573	170	5	2	1	12	1	1	0	6426	28	0	37.3515 	0	0
UL	1.70598	170	5	3	1	12	1	1	0	6426	28	0	37.4762 	0	0
UL	1.70623	170	6	0	1	12	1	1	0	6426	28	0	37.7331 	0	0
UL	1.70648	170	6	1	1	12	1	1	0	6426	28	0	37.6529 	0	0
UL	1.70673	170	6	2	1	12	1	1	0	6426	28	0	37.4105 	0	0
UL	1.70698	170	6	3	1	12	1	1	0	6426	28	0	37.4642 	0	0
UL	1.70723	170	7	0	1	12	1	1	0	6426	28	0	37.626 	0	0
UL	1.70734	170	7	1	1	4	1	1	0	2142	28	0	37.8844 	0	0
UL	1.72098	172	0	3	1	12	1	1	0	6426	28	0	38.3201 	0	0
UL	1.72123	172	1	0	1	12	1	1	0	6426	28	0	38.2448 	0	0
UL	1.72148	172	1	1	1	12	1	1	0	6426	28	0	38.4601 	0	0
UL	1.72173	172	1	2	1	12	1	1	0	6426	28	0	38.6227 	0	0
DL	1.72179	172	1	3	1	1	1	1	0	534	28	0	38.5047	0	0
UL	1.72198	172	1	3	2	11	1	1	0	5892	28	0	38.5088 	0	0
UL	1.72223	172	2	0	1	12	1	1	0	6426	28	0	38.7097 	0	0
UL	1.72248	172	2	1	1	12	1	1	0	6426	28	0	38.8587 	0	0
UL	1.72273	172	2	2	1	12	1	1	0	6426	28	0	38.7589 	0	0
UL	1.72298	172	2	3	1	12	1	1	0	6426	28	0	38.6224 	0	0
UL	1.72305	172	3	0	1	2	1	1	0	1071	28	0	38.4109 	0	0
UL	1.80098	180	0	3	1	12	1	1	0	274	0	0	42.9031 	0	0
UL	1.80123	180	1	0	1	12	1	1	0	274	0	0	42.8889 	0	0
UL	1.80148	180	1	1	1	12	1	1	0	274	0	0	42.8852 	0	0
UL	1.80173	180	1	2	1	12	1	1	0	6426	28	0	42.6797 	0	0
DL	1.80179	180	1	3	1	1	1	1	0	20	0	0	42.7083	0	0
UL	1.80198	180	1	3	2	11	1	1	0	5892	28	0	42.6781 	0	0
UL	1.80223	180	2	0	1	12	1	1	0	6426	28	0	42.7533 	0	0
UL	1.80248	180	2	1	1	12	1	1	0	6426	28	0	42.8096 	0	0
UL	1.80273	180	2	2	1	12	1	1	0	6426	28	0	42.6669 	0	0
UL	1.80298	180	2	3	1	12	1	1	0	6426	28	0	42.4961 	0	0
UL	1.80323	180	3	0	1	12	1	1	0	6426	28	0	42.4597 	0	0
UL	1.80348	180	3	1	1	12	1	1	0	6426	28	0	42.2477 	0	0
UL	1.80373	180	3	2	1	12	1	1	0	6426	28	0	42.6396 	0	0
UL	1.80398	180	3	3	1	12	1	1	0	6426	28	0	42.7033 	0	0
UL	1.80423	180	4	0	1	12	1	1	0	6426	28	0	42.632 	0	0
UL	1.80448	180	4	1	1	12	1	1	0	6426	28	0	42.8472 	0	0
UL	1.80473	180	4	2	1	12	1	1	0	6426	28	0	42.7777 	0	0
UL	1.80498	180	4	3	1	12	1	1	0	6426	28	0	42.7401 	0	0
UL	1.80523	180	5	0	1	12	1	1	0	6426	28	0	42.7174 	0	0
UL	1.80548	180	5	1	1	12	1	1	0	6426	28	0	42.9953 	0	0
UL	1.80573	180	5	2	1	12	1	1	0	6426	28	0	43.0145 	0	0
UL	1.80598	180	5	3	1	12	1	1	0	6426	28	0	42.8107 	0	0
UL	1.80623	180	6	0	1	12	1	1	0	6426	28	0	42.8998 	0	0
UL	1.80648	180	6	1	1	12	1	1	0	6426	28	0	42.9498 	0	0
UL	1.80673	180	6	2	1	12	1	1	0	6426	28	0	43.0739 	0	0
UL	1.80698	180	6	3	1	12	1	1	0	6426	28	0	43.3327 	0	0
UL	1.80723	180	7	0	1	12	1	1	0	6426	28	0	43.1064 	0	0
UL	1.80734	180	7	1	1	4	1	1	0	2142	28	0	43.2322 	0	0
UL	1.82098	182	0	3	1	12	1	1	0	6426	28	0	42.7607 	0	0
UL	1.82123	182	1	0	1	12	1	1	0	6426	28	0	42.6302 	0	0
UL	1.82148	182	1	1	1	12	1	1	0	6426	28	0	42.489 	0	0
UL	1.82173	182	1	2	1	12	1	1	0	6426	28	0	42.2718 	0	0
DL	1.82179	182	1	3	1	1	1	1	0	534	28	0	42.324	0	0
UL	1.82198	182	1	3	2	11	1	1	0	5892	28	0	42.3113 	0	0
UL	1.82223	182	2	0	1	12	1	1	0	6426	28	0	42.3553 	0	0
UL	1.82248	182	2	1	1	12	1	1	0	6426	28	0	42.4435 	0	0
UL	1.82273	182	2	2	1	12	1	1	0	6426	28	0	42.3862 	0	0
UL	1.82298	182	2	3	1	12	1	1	0	6426	28	0	42.273 	0	0
UL	1.82305	182	3	0	1	2	1	1	0	1071	28	0	42.2901 	0	0
UL	1.90098	190	0	3	1	12	1	1	0	274	0	0	37.024 	0	0
UL	1.90123	190	1	0	1	12	1	1	0	274	0	0	37.1303 	0	0
UL	1.90148	190	1	1	1	12	1	1	0	274	0	0	37.3805 	0	0
UL	1.90173	190	1	2	1	12	1	1	0	6426	28	0	37.2385 	0	0
DL	1.90179	190	1	3	1	1	1	1	0	20	0	0	37.4392	0	0
UL	1.90198	190	1	3	2	11	1	1	0	5892	28	0	37.4514 	0	0
UL	1.90223	190	2	0	1	12	1	1	0	6426	28	0	37.5881 	0	0
UL	1.90248	190	2	1	1	12	1	1	0	6426	28	0	37.6068 	0	0
UL	1.90273	190	2	2	1	12	1	1	0	6426	28	0	37.738 	0	0
UL	1.90298	190	2	3	1	12	1	1	0	6426	28	0	37.5159 	0	0
UL	1.90323	190	3	0	1	12	1	1	0	6426	28	0	37.4464 	0	0
UL	1.90348	190	3	1	1	12	1	1	0	6426	28	0	37.6139 	0	0
UL	1.90373	190	3	2	1	12	1	1	0	6426	28	0	37.3123 	0	0
UL	1.90398	190	3	3	1	12	1	1	0	6426	28	0	37.4662 	0	0
UL	1.90423	190	4	0	1	12	1	1	0	6426	28	0	37.3322 	0	0
UL	1.90448	190	4	1	1	12	1	1	0	6426	28	0	37.1429 	0	0
UL	1.90473	190	4	2	1	12	1	1	0	6426	28	0	36.9999 	0	0
UL	1.90498	190	4	3	1	12	1	1	0	6426	28	0	37.2127 	0	0
UL	1.90523	190	5	0	1	12	1	1	0	6426	28	0	37.2561 	0	0
UL	1.90548	190	5	1	1	12	1	1	0	6426	28	0	37.0341 	0	0
UL	1.90573	190	5	2	1	12	1	1	0	6426	28	0	36.9701 	0	0
UL	1.90598	190	5	3	1	12	1	1	0	6426	28	0	37.1422 	0	0
UL	1.90623	190	6	0	1	12	1	1	0	6426	28	0	37.2468 	0	0
UL	1.90648	190	6	1	1	12	1	1	0	6426	28	0	37.0198 	0	0
UL	1.90673	190	6	2	1	12	1	1	0	6426	28	0	36.8147 	0	0
UL	1.90698	190	6	3	1	12	1	1	0	6426	28	0	36.7651 	0	0
UL	1.90723	190	7	0	1	12	1	1	0	6426	28	0	36.8219 	0	0
UL	1.90734	190	7	1	1	4	1	1	0	2142	28	0	36.7955 	0	0
UL	1.92098	192	0	3	1	12	1	1	0	6426	28	0	38.1711 	0	0
UL	1.92123	192	1	0	1	12	1	1	0	6426	28	0	38.2798 	0	0
UL	1.92148	192	1	1	1	12	1	1	0	6426	28	0	38.4043 	0	0
UL	1.92173	192	1	2	1	12	1	1	0	6426	28	0	38.3009 	0	0
DL	1.92179	192	1	3	1	1	1	1	0	534	28	0	38.1923	0	0
UL	1.92198	192	1	3	2	11	1	1	0	5892	28	0	38.2435 	0	0
UL	1.92223	192	2	0	1	12	1	1	0	6426	28	0	38.4264 	0	0
UL	1.92248	192	2	1	1	12	1	1	0	6426	28	0	38.5547 	0	0
UL	1.92273	192	2	2	1	12	1	1	0	6426	28	0	38.6505 	0	0
UL	1.92298	192	2	3	1	12	1	1	0	6426	28	0	38.79 	0	0
UL	1.92305	192	3	0	1	2	1	1	0	1071	28	0	39.0111 	0	0
UL	1.94079	194	0	3	1	1	1	1	0	534	28	0	38.9042 	0	0
DL	1.94154	194	1	2	1	1	1	1	0	534	28	0	38.9039	0	0
UL	2.00098	200	0	3	1	12	1	1	0	274	0	0	41.4915 	0	0
UL	2.00123	200	1	0	1	12	1	1	0	274	0	0	41.6092 	0	0
UL	2.00148	200	1	1	1	12	1	1	0	274	0	0	41.6851 	0	0
UL	2.00173	200	1	2	1	12	1	1	0	6426	28	0	41.8471 	0	0
DL	2.00179	200	1	3	1	1	1	1	0	20	0	0	41.8538	0	0
UL	2.00198	200	1	3	2	11	1	1	0	5892	28	0	41.7916 	0	0
UL	2.00223	200	2	0	1	12	1	1	0	6426	28	0	41.7119 	0	0
UL	2.00248	200	2	1	1	12	1	1	0	6426	28	0	41.8031 	0	0
UL	2.00273	200	2	2	1	12	1	1	0	6426	28	0	41.8511 	0	0
UL	2.00298	200	2	3	1	12	1	1	0	6426	28	0	41.7091 	0	0
UL	2.00323	200	3	0	1	12	1	1	0	6426	28	0	41.812 	0	0
UL	2.00348	200	3	1	1	12	1	1	0	6426	28	0	41.5906 	0	0
UL	2.00373	200	3	2	1	12	1	1	0	6426	28	0	41.5329 	0	0
UL	2.00398	200	3	3	1	12	1	1	0	6426	28	0	41.5253 	0	0
UL	2.00423	200	4	0	1	12	1	1	0	6426	28	0	41.5596 	0	0
UL	2.00448	200	4	1	1	12	1	1	0	6426	28	0	41.7434 	0	0
UL	2.00473	200	4	2	1	12	1	1	0	6426	28	0	41.6717 	0	0
UL	2.00498	200	4	3	1	12	1	1	0	6426	28	0	41.8727 	0	0
UL	2.00523	200	5	0	1	12	1	1	0	6426	28	0	42.0111 	0	0
UL	2.00548	200	5	1	1	12	1	1	0	6426	28	0	41.9671 	0	0
UL	2.00573	200	5	2	1	12	1	1	0	6426	28	0	41.8341 	0	0
UL	2.00598	200	5	3	1	12	1	1	0	6426	28	0	41.7536 	0	0
UL	2.00623	200	6	0	1	12	1	1	0	6426	28	0	41.5736 	0	0
UL	2.00648	200	6	1	1	12	1	1	0	6426	28	0	41.7473 	0	0
UL	2.00673	200	6	2	1	12	1	1	0	6426	28	0	41.9749 	0	0
UL	2.00698	200	6	3	1	12	1	1	0	6426	28	0	42.165 	0	0
UL	2.00723	200	7	0	1	12	1	1	0	6426	28	0	42.3403 	0	0
UL	2.00734	200	7	1	1	4	1	1	0	2142	28	0	42.3282 	0	0
UL	2.02098	202	0	3	1	12	1	1	0	6426	28	0	41.6757 	0	0
UL	2.02123	202	1	0	1	12	1	1	0	6426	28	0	41.7227 	0	0
UL	2.02148	202	1	1	1	12	1	1	0	6426	28	0	41.4948 	0	0
UL	2.02173	202	1	2	1	12	1	1	0	6426	28	0	41.4743 	0	0
DL	2.02179	202	1	3	1	1	1	1	0	534	28	0	41.3374	0	0
UL	2.02198	202	1	3	2	11	1	1	0	5892	28	0	41.2916 	0	0
UL	2.02223	202	2	0	1	12	1	1	0	6426	28	0	41.4499 	0	0
UL	2.02248	202	2	1	1	12	1	1	0	6426	28	0	41.5217 	0	0
UL	2.02273	202	2	2	1	12	1	1	0	6426	28	0	41.4608 	0	0
UL	2.02298	202	2	3	1	12	1	1	0	6426	28	0	41.4188 	0	0
UL	2.02323	202	3	0	1	12	1	1	0	6426	28	0	41.3255 	0	0
UL	2.02343	202	3	1	1	9	1	1	0	4821	28	0	41.407 	0	0
UL	2.10098	210	0	3	1	12	1	1	0	274	0	0	40.3688 	0	0
UL	2.10123	210	1	0	1	12	1	1	0	274	0	0	40.715 	0	0
UL	2.10148	210	1	1	1	12	1	1	0	274	0	0	40.9289 	0	0
UL	2.10173	210	1	2	1	12	1	1	0	6426	28	0	40.803 	0	0
DL	2.10179	210	1	3	1	1	1	1	0	20	0	0	40.8444	0	0
UL	2.10198	210	1	3	2	11	1	1	0	5892	28	0	40.864 	0	0
UL	2.10223	210	2	0	1	12	1	1	0	6426	28	0	40.6012 	0	0
UL	2.10248	210	2	1	1	12	1	1	0	6426	28	0	40.4127 	0	0
UL	2.10273	210	2	2	1	12	1	1	0	6426	28	0	40.6121 	0	0
UL	2.10298	210	2	3	1	12	1	1	0	6426	28	0	40.7601 	0	0
UL	2.10323	210	3	0	1	12	1	1	0	6426	28	0	40.7329 	0	0
UL	2.10348	210	3	1	1	12	1	1	0	6426	28	0	40.5875 	0	0
UL	2.10373	210	3	2	1	12	1	1	0	6426	28	0	40.526 	0	0
UL	2.10398	210	3	3	1	12	1	1	0	6426	28	0	40.2612 	0	0
UL	2.10423	210	4	0	1	12	1	1	0	6426	28	0	40.0416 	0	0
UL	2.10448	210	4	1	1	12	1	1	0	6426	28	0	40.233 	0	0
UL	2.10473	210	4	2	1	12	1	1	0	6426	28	0	40.2631 	0	0
UL	2.10498	210	4	3	1	12	1	1	0	6426	28	0	40.3852 	0	0
UL	2.10523	210	5	0	1	12	1	1	0	6426	28	0	40.7737 	0	0
UL	2.10548	210	5	1	1	12	1	1	0	6426	28	0	40.6562 	0	0
UL	2.10573	210	5	2	1	12	1	1	0	6426	28	0	40.5794 	0	0
UL	2.10598	210	5	3	1	12	1	1	0	6426	28	0	40.4111 	0	0
UL	2.10623	210	6	0	1	12	1	1	0	6426	28	0	40.6354 	0	0
UL	2.10648	210	6	1	1	12	1	1	0	6426	28	0	40.7635 	0	0
UL	2.10673	210	6	2	1	12	1	1	0	6426	28	0	40.7866 	0	0
UL	2.10698	210	6	3	1	12	1	1	0	6426	28	0	40.7687 	0	0
UL	2.10723	210	7	0	1	12	1	1	0	6426	28	0	40.8636 	0	0
UL	2.10734	210	7	1	1	4	1	1	0	2142	28	0	40.9038 	0	0
DL	2.11198	211	1	3	1	12	1	1	0	6426	28	0	40.5132	0	0
DL	2.11223	211	2	0	1	12	1	1	0	6426	28	0	40.3895	0	0
DL	2.11248	211	2	1	1	12	1	1	0	6426	28	0	40.3623	0	0
DL	2.11257	211	2	2	1	3	1	1	0	1608	28	0	40.5266	0	0
UL	2.11348	211	3	1	1	12	1	1	0	6426	28	0	40.5236 	0	0
UL	2.11373	211	3	2	1	12	1	1	0	6426	28	0	40.5479 	0	0
UL	2.11398	211	3	3	1	12	1	1	0	6426	28	0	40.5132 	0	0
UL	2.11423	211	4	0	1	12	1	1	0	6426	28	0	40.5655 	0	0
UL	2.11448	211	4	1	1	12	1	1	0	6426	28	0	40.6733 	0	0
UL	2.11473	211	4	2	1	12	1	1	0	6426	28	0	40.7152 	0	0
UL	2.11498	211	4	3	1	12	1	1	0	6426	28	0	40.7843 	0	0
UL	2.11523	211	5	0	1	12	1	1	0	6426	28	0	40.5723 	0	0
UL	2.11548	211	5	1	1	12	1	1	0	6426	28	0	40.6461 	0	0
UL	2.11573	211	5	2	1	12	1	1	0	6426	28	0	40.8997 	0	0
UL	2.11598	211	5	3	1	12	1	1	0	6426	28	0	40.813 	0	0
UL	2.11616	211	6	0	1	8	1	1	0	4284	28	0	40.7361 	0	0
DL	2.13198	213	1	3	1	12	1	1	0	6426	28	0	39.9255	0	0
DL	2.13204	213	2	0	1	1	1	1	0	534	28	0	39.8037	0	0
UL	2.13304	213	3	0	1	1	1	1	0	534	28	0	39.643 	0	0
UL	2.20098	220	0	3	1	12	1	1	0	274	0	0	38.9332 	0	0
UL	2.20123	220	1	0	1	12	1	1	0	274	0	0	38.9143 	0	0
UL	2.20148	220	1	1	1	12	1	1	0	274	0	0	38.8851 	0	0
UL	2.20173	220	1	2	1	12	1	1	0	6426	28	0	38.7857 	0	0
DL	2.20179	220	1	3	1	1	1	1	0	20	0	0	38.925	0	0
UL	2.20198	220	1	3	2	11	1	1	0	5892	28	0	38.9258 	0	0
UL	2.20223	220	2	0	1	12	1	1	0	6426	28	0	38.9965 	0	0
UL	2.20248	220	2	1	1	12	1	1	0	6426	28	0	38.8579 	0	0
UL	2.20273	220	2	2	1	12	1	1	0	6426	28	0	38.9326 	0	0
UL	2.20298	220	2	3	1	12	1	1	0	6426	28	0	38.9483 	0	0
UL	2.20323	220	3	0	1	12	1	1	0	6426	28	0	39.0643 	0	0
UL	2.20348	220	3	1	1	12	1	1	0	6426	28	0	38.9003 	0	0
UL	2.20373	220	3	2	1	12	1	1	0	6426	28	0	38.8909 	0	0
UL	2.20398	220	3	3	1	12	1	1	0	6426	28	0	38.9124 	0	0
UL	2.20423	220	4	0	1	12	1	1	0	6426	28	0	38.9692 	0	0
UL	2.20448	220	4	1	1	12	1	1	0	6426	28	0	39.0017 	0	0
UL	2.20473	220	4	2	1	12	1	1	0	6426	28	0	38.8299 	0	0
UL	2.20498	220	4	3	1	12	1	1	0	6426	28	0	38.5922 	0	0
UL	2.20523	220	5	0	1	12	1	1	0	6426	28	0	38.7546 	0	0
UL	2.20548	220	5	1	1	12	1	1	0	6426	28	0	38.7199 	0	0
UL	2.20573	220	5	2	1	12	1	1	0	6426	28	0	38.9193 	0	0
UL	2.20598	220	5	3	1	12	1	1	0	6426	28	0	39.0689 	0	0
UL	2.20623	220	6	0	1	12	1	1	0	6426	28	0	39.2597 	0	0
UL	2.20648	220	6	1	1	12	1	1	0	6426	28	0	39.2455 	0	0
UL	2.20673	220	6	2	1	12	1	1	0	6426	28	0	39.2395 	0	0
UL	2.20698	220	6	3	1	12	1	1	0	6426	28	0	39.3683 	0	0
UL	2.20723	220	7	0	1	12	1	1	0	6426	28	0	39.3411 	0	0
UL	2.20734	220	7	1	1	4	1	1	0	2142	28	0	39.3037 	0	0
UL	2.22098	222	0	3	1	12	1	1	0	6426	28	0	38.6882 	0	0
UL	2.22123	222	1	0	1	12	1	1	0	6426	28	0	38.4315 	0	0
UL	2.22148	222	1	1	1	12	1	1	0	6426	28	0	38.5837 	0	0
UL	2.22173	222	1	2	1	12	1	1	0	6426	28	0	38.6138 	0	0
DL	2.22179	222	1	3	1	1	1	1	0	534	28	0	38.6777	0	0
UL	2.22198	222	1	3	2	11	1	1	0	5892	28	0	38.7365 	0	0
UL	2.22223	222	2	0	1	12	1	1	0	6426	28	0	38.7556 	0	0
UL	2.22248	222	2	1	1	12	1	1	0	6426	28	0	38.5485 	0	0
UL	2.22273	222	2	2	1	12	1	1	0	6426	28	0	38.3925 	0	0
UL	2.22298	222	2	3	1	12	1	1	0	6426	28	0	38.3724 	0	0
UL	2.22323	222	3	0	1	12	1	1	0	6426	28	0	38.5533 	0	0
UL	2.22343	222	3	1	1	9	1	1	0	4821	28	0	38.633 	0	0
UL	2.30098	230	0	3	1	12	1	1	0	274	0	0	38.0586 	0	0
UL	2.30123	230	1	0	1	12	1	1	0	274	0	0	38.1277 	0	0
UL	2.30148	230	1	1	1	12	1	1	0	274	0	0	37.8751 	0	0
UL	2.30173	230	1	2	1	12	1	1	0	6426	28	0	37.989 	0	0
DL	2.30179	230	1	3	1	1	1	1	0	20	0	0	38.1585	0	0
UL	2.30198	230	1	3	2	11	1	1	0	5892	28	0	38.1315 	0	0
UL	2.30223	230	2	0	1	12	1	1	0	6426	28	0	38.2144 	0	0
UL	2.30248	230	2	1	1	12	1	1	0	6426	28	0	38.1417 	0	0
UL	2.30273	230	2	2	1	12	1	1	0	6426	28	0	37.9913 	0	0
UL	2.30298	230	2	3	1	12	1	1	0	6426	28	0	38.0111 	0	0
UL	2.30323	230	3	0	1	12	1	1	0	6426	28	0	38.0791 	0	0
UL	2.30348	230	3	1	1	12	1	1	0	6426	28	0	38.0757 	0	0
UL	2.30373	230	3	2	1	12	1	1	0	6426	28	0	37.9609 	0	0
UL	2.30398	230	3	3	1	12	1	1	0	6426	28	0	37.7046 	0	0
UL	2.30423	230	4	0	1	12	1	1	0	6426	28	0	37.7985 	0	0
UL	2.30448	230	4	1	1	12	1	1	0	6426	28	0	37.7301 	0	0
UL	2.30473	230	4	2	1	12	1	1	0	6426	28	0	37.6829 	0	0
UL	2.30498	230	4	3	1	12	1	1	0	6426	28	0	37.8306 	0	0
UL	2.30523	230	5	0	1	12	1	1	0	6426	28	0	37.5482 	0	0
UL	2.30548	230	5	1	1	12	1	1	0	6426	28	0	37.5571 	0	0
UL	2.30573	230	5	2	1	12	1	1	0	6426	28	0	37.587 	0	0
UL	2.30598	230	5	3	1	12	1	1	0	6426	28	0	37.869 	0	0
UL	2.30623	230	6	0	1	12	1	1	0	6426	28	0	38.0764 	0	0
UL	2.30648	230	6	1	1	12	1	1	0	6426	28	0	38.1415 	0	0
UL	2.30673	230	6	2	1	12	1	1	0	6426	28	0	38.229 	0	0
UL	2.30698	230	6	3	1	12	1	1	0	6426	28	0	38.2006 	0	0
UL	2.30723	230	7	0	1	12	1	1	0	6426	28	0	38.1808 	0	0
UL	2.30734	230	7	1	1	4	1	1	0	2142	28	0	38.0374 	0	0
UL	2.32098	232	0	3	1	12	1	1	0	6426	28	0	37.5845 	0	0
UL	2.32123	232	1	0	1	12	1	1	0	6426	28	0	37.7046 	0	0
UL	2.32148	232	1	1	1	12	1	1	0	6426	28	0	37.7229 	0	0
UL	2.32173	232	1	2	1	12	1	1	0	6426	28	0	37.629 	0	0
DL	2.32179	232	1	3	1	1	1	1	0	534	28	0	37.3677	0	0
UL	2.32198	232	1	3	2	11	1	1	0	5892	28	0	37.3309 	0	0
UL	2.32223	232	2	0	1	12	1	1	0	6426	28	0	37.2875 	0	0
UL	2.32248	232	2	1	1	12	1	1	0	6426	28	0	37.0842 	0	0
UL	2.32273	232	2	2	1	12	1	1	0	6426	28	0	37.2759 	0	0
UL	2.32298	232	2	3	1	12	1	1	0	6426	28	0	37.4293 	0	0
UL	2.32323	232	3	0	1	12	1	1	0	6426	28	0	37.4158 	0	0
UL	2.32343	232	3	1	1	9	1	1	0	4821	28	0	37.335 	0	0
UL	2.40098	240	0	3	1	12	1	1	0	274	0	0	35.7503 	0	0
UL	2.40123	240	1	0	1	12	1	1	0	274	0	0	35.804 	0	0
UL	2.40148	240	1	1	1	12	1	1	0	274	0	0	35.6419 	0	0
UL	2.40173	240	1	2	1	12	1	1	0	6426	28	0	35.445 	0	0
DL	2.40179	240	1	3	1	1	1	1	0	20	0	0	35.3905	0	0
UL	2.40198	240	1	3	2	11	1	1	0	5892	28	0	35.3712 	0	0
UL	2.40223	240	2	0	1	12	1	1	0	6426	28	0	35.2959 	0	0
UL	2.40248	240	2	1	1	12	1	1	0	6426	28	0	35.32 	0	0
UL	2.40273	240	2	2	1	12	1	1	0	6426	28	0	35.2664 	0	0
UL	2.40298	240	2	3	1	12	1	1	0	6426	28	0	35.293 	0	0
UL	2.40323	240	3	0	1	12	1	1	0	6426	28	0	35.4064 	0	0
UL	2.40348	240	3	1	1	12	1	1	0	6426	28	0	35.6366 	0	0
UL	2.40373	240	3	2	1	12	1	1	0	6426	28	0	35.4643 	0	0
UL	2.40398	240	3	3	1	12	1	1	0	6426	28	0	35.3624 	0	0
UL	2.40423	240	4	0	1	12	1	1	0	6426	28	0	35.3248 	0	0
UL	2.40448	240	4	1	1	12	1	1	0	6426	28	0	35.3025 	0	0
UL	2.40473	240	4	2	1	12	1	1	0	6426	28	0	35.3152 	0	0
UL	2.40498	240	4	3	1	12	1	1	0	6426	28	0	35.1287 	0	0
UL	2.40523	240	5	0	1	12	1	1	0	6426	28	0	35.1541 	0	0
UL	2.40548	240	5	1	1	12	1	1	0	6426	28	0	35.3068 	0	0
UL	2.40573	240	5	2	1	12	1	1	0	6426	28	0	35.1075 	0	0
UL	2.40598	240	5	3	1	12	1	1	0	6426	28	0	35.1078 	0	0
UL	2.40623	240	6	0	1	12	1	1	0	6426	28	0	35.1411 	0	0
UL	2.40648	240	6	1	1	12	1	1	0	6426	28	0	34.9449 	0	0
UL	2.40673	240	6	2	1	12	1	1	0	6426	28	0	34.9713 	0	0
UL	2.40698	240	6	3	1	12	1	1	0	6426	28	0	34.8808 	0	0
UL	2.40723	240	7	0	1	12	1	1	0	6426	28	0	34.8953 	0	0
UL	2.40734	240	7	1	1	4	1	1	0	2142	28	0	35.0782 	0	0
UL	2.42098	242	0	3	1	12	1	1	0	6426	28	0	35.6212 	0	0
UL	2.42123	242	1	0	1	12	1	1	0	6426	28	0	35.7974 	0	0
UL	2.42148	242	1	1	1	12	1	1	0	6426	28	0	35.8817 	0	0
UL	2.42173	242	1	2	1	12	1	1	0	6426	28	0	35.9297 	0	0
DL	2.42179	242	1	3	1	1	1	1	0	534	28	0	36.2391	0	0
UL	2.42198	242	1	3	2	11	1	1	0	5892	28	0	36.1354 	0	0
UL	2.42223	242	2	0	1	12	1	1	0	6426	28	0	36.206 	0	0
UL	2.42248	242	2	1	1	12	1	1	0	6426	28	0	36.1924 	0	0
UL	2.42273	242	2	2	1	12	1	1	0	6426	28	0	36.1297 	0	0
UL	2.42298	242	2	3	1	12	1	1	0	6426	28	0	36.2431 	0	0
UL	2.42323	242	3	0	1	12	1	1	0	6426	28	0	36.1577 	0	0
UL	2.42343	242	3	1	1	9	1	1	0	4821	28	0	36.1984 	0	0
UL	2.50098	250	0	3	1	12	1	1	0	274	0	0	34.9943 	0	0
UL	2.50123	250	1	0	1	12	1	1	0	274	0	0	35.0176 	0	0
UL	2.50148	250	1	1	1	12	1	1	0	274	0	0	35.0279 	0	0
UL	2.50173	250	1	2	1	12	1	1	0	6426	28	0	35.1358 	0	0
DL	2.50179	250	1	3	1	1	1	1	0	20	0	0	34.9602	0	0
UL	2.50198	250	1	3	2	11	1	1	0	5892	28	0	34.9926 	0	0
UL	2.50223	250	2	0	1	12	1	1	0	6426	28	0	34.9405 	0	0
UL	2.50248	250	2	1	1	12	1	1	0	6426	28	0	34.8658 	0	0
UL	2.50273	250	2	2	1	12	1	1	0	6426	28	0	34.96 	0	0
UL	2.50298	250	2	3	1	12	1	1	0	6426	28	0	35.0553 	0	0
UL	2.50323	250	3	0	1	12	1	1	0	6426	28	0	34.9601 	0	0
UL	2.50348	250	3	1	1	12	1	1	0	6426	28	0	34.8902 	0	0
UL	2.50373	250	3	2	1	12	1	1	0	6426	28	0	34.8345 	0	0
UL	2.50398	250	3	3	1	12	1	1	0	6426	28	0	34.8616 	0	0
UL	2.50423	250	4	0	1	12	1	1	0	6426	28	0	34.8006 	0	0
UL	2.50448	250	4	1	1	12	1	1	0	6426	28	0	34.5128 	0	0
UL	2.50473	250	4	2	1	12	1	1	0	6426	28	0	34.6685 	0	0
UL	2.50498	250	4	3	1	12	1	1	0	6426	28	0	34.6867 	0	0
UL	2.50523	250	5	0	1	12	1	1	0	6426	28	0	34.4332 	0	0
UL	2.50548	250	5	1	1	12	1	1	0	6426	28	0	34.4816 	0	0
UL	2.50573	250	5	2	1	12	1	1	0	6426	28	0	34.2896 	0	0
UL	2.50598	250	5	3	1	12	1	1	0	6426	28	0	34.3271 	0	0
UL	2.50623	250	6	0	1	12	1	1	0	6426	28	0	34.4393 	0	0
UL	2.50648	250	6	1	1	12	1	1	0	6426	28	0	34.3952 	0	0
UL	2.50673	250	6	2	1	12	1	1	0	6426	28	0	34.2443 	0	0
UL	2.50698	250	6	3	1	12	1	1	0	6426	28	0	34.1569 	0	0
UL	2.50723	250	7	0	1	12	1	1	0	6426	28	0	34.1142 	0	0
UL	2.50734	250	7	1	1	4	1	1	0	2142	28	0	34.2517 	0	0
UL	2.52098	252	0	3	1	12	1	1	0	6426	28	0	33.4722 	0	0
UL	2.52123	252	1	0	1	12	1	1	0	6426	28	0	33.5127 	0	0
UL	2.52148	252	1	1	1	12	1	1	0	6426	28	0	33.434 	0	0
UL	2.52173	252	1	2	1	12	1	1	0	6426	28	0	33.3414 	0	0
DL	2.52179	252	1	3	1	1	1	1	0	534	28	0	33.4913	0	0
UL	2.52198	252	1	3	2	11	1	1	0	5892	28	0	33.4611 	0	0
UL	2.52223	252	2	0	1	12	1	1	0	6426	28	0	33.4126 	0	0
UL	2.52248	252	2	1	1	12	1	1	0	6426	28	0	33.6052 	0	0
UL	2.52273	252	2	2	1	12	1	1	0	6426	28	0	33.7227 	0	0
UL	2.52298	252	2	3	1	12	1	1	0	6426	28	0	33.538 	0	0
UL	2.52323	252	3	0	1	12	1	1	0	6426	28	0	33.9058 	0	0
UL	2.52343	252	3	1	1	9	1	1	0	4821	28	0	33.6656 	0	0
UL	2.60098	260	0	3	1	12	1	1	0	274	0	0	33.7219 	0	0
UL	2.60123	260	1	0	1	12	1	1	0	274	0	0	33.9032 	0	0
UL	2.60148	260	1	1	1	12	1	1	0	274	0	0	33.6539 	0	0
UL	2.60173	260	1	2	1	12	1	1	0	6426	28	0	33.7009 	0	0
DL	2.60179	260	1	3	1	1	1	1	0	20	0	0	33.8056	0	0
UL	2.60198	260	1	3	2	11	1	1	0	5892	28	0	33.747 	0	0
UL	2.60223	260	2	0	1	12	1	1	0	6426	28	0	33.6058 	0	0
UL	2.60248	260	2	1	1	12	1	1	0	6426	28	0	33.5459 	0	0
UL	2.60273	260	2	2	1	12	1	1	0	6426	28	0	33.5359 	0	0
UL	2.60298	260	2	3	1	12	1	1	0	6426	28	0	33.2558 	0	0
UL	2.60323	260	3	0	1	12	1	1	0	6426	28	0	33.1966 	0	0
UL	2.60348	260	3	1	1	12	1	1	0	6426	28	0	33.278 	0	0
UL	2.60373	260	3	2	1	12	1	1	0	6426	28	0	33.3191 	0	0
UL	2.60398	260	3	3	1	12	1	1	0	6426	28	0	33.2927 	0	0
UL	2.60423	260	4	0	1	12	1	1	0	6426	28	0	33.3965 	0	0
UL	2.60448	260	4	1	1	12	1	1	0	6426	28	0	33.0955 	0	0
UL	2.60473	260	4	2	1	12	1	1	0	6426	28	0	33.1669 	0	0
UL	2.60498	260	4	3	1	12	1	1	0	6426	28	0	33.1922 	0	0
UL	2.60523	260	5	0	1	12	1	1	0	6426	28	0	33.2808 	0	0
UL	2.60548	260	5	1	1	12	1	1	0	6426	28	0	33.2163 	0	0
UL	2.60573	260	5	2	1	12	1	1	0	6426	28	0	33.5567 	0	0
UL	2.60598	260	5	3	1	12	1	1	0	6426	28	0	33.54 	0	0
UL	2.60623	260	6	0	1	12	1	1	0	6426	28	0	33.6594 	0	0
UL	2.60648	260	6	1	1	12	1	1	0	6426	28	0	33.5304 	0	0
UL	2.60673	260	6	2	1	12	1	1	0	6426	28	0	33.7948 	0	0
UL	2.60698	260	6	3	1	12	1	1	0	6426	28	0	33.6782 	0	0
UL	2.60723	260	7	0	1	12	1	1	0	6426	28	0	33.6612 	0	0
UL	2.60734	260	7	1	1	4	1	1	0	2142	28	0	33.7549 	0	0
DL	2.61198	261	1	3	1	12	1	1	0	6426	28	0	34.9076	0	0
DL	2.61223	261	2	0	1	12	1	1	0	6426	28	0	35.016	0	0
DL	2.61248	261	2	1	1	12	1	1	0	6426	28	0	35.3386	0	0
DL	2.61257	261	2	2	1	3	1	1	0	1608	28	0	35.0906	0	0
UL	2.61348	261	3	1	1	12	1	1	0	6426	28	0	35.0826 	0	0
UL	2.61373	261	3	2	1	12	1	1	0	6426	28	0	35.1701 	0	0
UL	2.61398	261	3	3	1	12	1	1	0	6426	28	0	35.0403 	0	0
UL	2.61423	261	4	0	1	12	1	1	0	6426	28	0	35.179 	0	0
UL	2.61448	261	4	1	1	12	1	1	0	6426	28	0	34.9667 	0	0
UL	2.61473	261	4	2	1	12	1	1	0	6426	28	0	34.9451 	0	0
UL	2.61498	261	4	3	1	12	1	1	0	6426	28	0	34.7965 	0	0
UL	2.61523	261	5	0	1	12	1	1	0	6426	28	0	34.6119 	0	0
UL	2.61548	261	5	1	1	12	1	1	0	6426	28	0	34.7451 	0	0
UL	2.61573	261	5	2	1	12	1	1	0	6426	28	0	34.6397 	0	0
UL	2.61598	261	5	3	1	12	1	1	0	6426	28	0	34.4286 	0	0
UL	2.61616	261	6	0	1	8	1	1	0	4284	28	0	34.6952 	0	0
DL	2.63198	263	1	3	1	12	1	1	0	6426	28	0	33.1707	0	0
DL	2.63204	263	2	0	1	1	1	1	0	534	28	0	33.0469	0	0
UL	2.63304	263	3	0	1	1	1	1	0	534	28	0	33.1123 	0	0
